559
147 75831
953 20050
147 84271
94 64881
503 134
625 37208
628 6489
503 76533
407 24078
849 89893
307 8504
164 51205
880 5787
503 12346
606 66222
767 50288
94 32086
358 41791
358 76250
439 12800
928 9624
439 45345
810 89016
327 10488
653 2498
663 71262
307 71722
609 84220
54 16867
882 8275
502 47564
589 28035
503 17015
880 45393
928 50331
147 40061
220 84237
953 16680
592 25225
488 29601
591 62593
942 50284
491 2205
402 31234
322 93946
440 12307
609 364
592 39841
466 40452
880 43407
245 423
783 62384
803 16981
942 61869
54 26248
358 56236
543 46097
610 24459
628 34671
803 45834
133 76292
149 66385
689 32723
417 1068
399 74421
880 23676
259 18507
850 37979
290 20003
543 92761
339 8233
220 61565
755 93410
992 60007
869 93674
390 76463
399 64307
503 57583
181 31380
793 69274
439 42774
720 73559
625 44860
591 82663
981 48376
862 75630
859 11558
958 32038
981 8804
327 52003
941 15457
689 11942
508 76542
153 67875
748 40837
752 31582
678 16565
220 25863
341 86731
51 78965
245 22458
326 78857
610 31493
503 5970
610 54603
104 93607
508 69913
809 67742
506 83300
797 85888
624 51625
944 42081
598 58418
499 65511
931 93660
747 56016
278 91360
117 85792
87 90541
499 53187
229 13063
747 88508
866 18597
866 57287
947 30535
4 6380
689 46083
358 31407
629 66114
756 58753
138 45992
26 26704
485 7211
412 46146
417 2770
897 4025
279 22603
32 22777
186 51063
503 18587
586 88193
917 35206
417 7922
540 25942
187 39849
689 2771
866 20323
440 87703
42 72281
658 94024
953 58797
888 96182
85 91306
720 88518
531 2066
174 87438
897 89118
487 24103
295 34972
938 43165
343 14898
65 24375
326 1193
193 46287
720 63723
331 28947
339 99194
485 56557
495 86751
488 9744
186 33668
564 27237
888 37853
96 85011
332 33105
398 23238
810 77048
12 98476
850 71934
639 30398
230 22932
23 40881
261 18004
561 92980
938 14796
266 59008
42 42576
81 68270
311 60109
982 14149
690 58465
193 83633
894 76386
962 16456
995 91578
938 7715
626 41881
105 87555
456 38479
678 45544
644 22245
94 29840
391 72251
689 8727
229 72783
137 77421
111 41756
235 36753
409 81728
902 85244
982 7962
456 54040
132 9399
18 9738
807 5045
331 32842
924 94036
1 11040
888 75560
946 71160
355 59158
635 42358
956 98125
656 81559
730 36983
935 2863
974 76464
210 28556
230 87665
358 16524
65 18096
869 17061
17 6141
643 42188
75 6726
36 35239
128 25690
854 59819
421 87371
933 8155
107 40189
370 24381
747 89534
969 59834
766 48922
440 77409
793 89368
182 48945
469 29811
607 17335
147 48761
922 53860
962 20016
853 14313
46 11114
59 81526
844 70112
19 45782
177 41918
164 88672
329 84880
315 36843
188 46911
71 6003
15 4901
322 3452
203 35332
753 34052
371 64156
748 13729
684 10567
989 97542
930 14561
707 72648
401 63497
538 25707
325 38593
236 26076
701 87968
755 37795
802 18613
105 27420
792 12677
33 13538
598 68743
28 85257
290 32404
255 74264
765 577
465 96925
848 84325
769 84002
371 49051
470 49588
700 55068
213 52025
456 87373
928 5112
188 44605
750 71775
425 2219
534 86133
282 89823
976 36525
19 50035
658 54166
764 96895
877 26050
184 35865
227 71946
854 55899
288 23832
331 38671
92 74281
707 28146
640 16381
486 52222
899 76930
531 34856
508 47366
664 27866
250 46341
829 36115
943 98105
387 34594
451 40104
567 74752
737 15117
985 1099
354 42367
346 16424
877 57288
26 89960
994 34653
131 35434
703 40470
555 39067
837 33888
902 79308
782 50746
687 4065
698 82883
364 38478
36 34436
21 49923
1 51632
678 59297
656 52052
194 73132
914 63352
628 50205
262 54425
710 60159
682 7512
507 6033
391 19811
475 2832
906 17515
994 81158
941 35291
219 64525
944 33989
711 69222
237 72763
685 72916
605 75043
290 38319
877 57080
758 28518
285 7936
429 39464
482 17309
344 70490
329 47582
229 22736
256 14742
145 46668
675 70122
203 90411
324 22978
973 16479
370 56927
616 71494
664 92801
452 77916
295 21737
725 99280
873 43615
197 94730
277 94834
733 20117
124 43564
719 8597
536 95776
514 86556
921 97759
618 27360
821 66278
718 82403
789 27658
819 77889
974 36476
30 88488
596 58762
995 87319
17 87991
726 70083
256 93071
906 22829
926 91074
777 14063
193 46447
631 20637
385 13255
771 12024
311 21862
443 83351
607 31647
137 21830
134 4626
695 4478
640 84924
208 81405
842 36929
968 49174
972 3259
798 93243
530 89281
74 17782
276 56626
655 94304
24 56433
323 67387
655 54251
82 58541
798 44899
689 47468
562 8361
638 66829
586 12812
84 16288
49 40845
699 93992
559 25688
735 8210
339 85280
250 75657
837 39925
816 80352
866 79003
997 84351
870 99665
895 76400
476 86395
910 78931
839 86178
340 98074
771 11111
821 80831
537 71644
486 94494
833 94164
995 87854
979 83047
486 60015
904 87059
423 74952
807 89793
164 88944
309 86261
1000 55660
229 2967
445 43786
313 21906
926 31536
588 58371
186 77574
560 43992
987 30625
340 63412
647 66793
69 47594
861 85097
592 28970
565 1355
926 68691
813 98099
584 86535
811 40793
206 66323
181 39189
118 19795
588 46055
213 53275
920 5891
62 9050
979 57284
611 13990
644 66070
775 46724
702 87197
519 14435
281 68608
21 51214
777 80765
713 61514
258 56945
610 89627
39 83449
334 88442
366 7509
257 35886
462 43186
743 72279
506 87009
212 13008
37 81346
139 82861
366 49512
389 17965
269 35817
603 19087
870 33755
602 55819
411 34984
426 46921
832 26597
731 70516
745 11901
979 15663
769 39822
774 43924
426 56939
415 25782
729 89623
582 55559
900 90154
272 86511
404 36702
938 86114
749 40611
914 22010
735 79991
924 78390
828 96300
496 63241
15 16015
627 62598
74 78034
602 67691
190 48130
377 39920
107 13619
517 77591
266 31142
190 70079
740 45033
136 38097
202 74987
