51
323 82164
323 68927
323 16432
567 23119
796 49012
373 37218
634 9985
796 79725
806 68851
669 4442
44 88752
861 11291
323 835
724 52961
425 87727
923 93077
146 47132
191 80909
766 86736
669 50575
502 5884
221 79644
307 40586
712 58312
634 55446
763 36107
173 59492
482 88916
923 12404
923 13754
814 71838
955 38321
894 27569
787 22539
303 99063
487 29291
425 38345
44 51096
440 16890
310 74580
966 9972
989 13385
724 76972
832 1575
571 65858
888 58518
561 3709
955 12949
379 99703
634 5977
923 10054
