285
797 97117
486 90685
933 92380
486 49379
947 68378
933 85007
836 11039
934 2846
575 40046
365 62104
105 56059
559 38288
797 77788
406 79819
316 89683
173 10330
979 85466
822 87253
422 12919
981 74340
105 55090
933 87761
926 4127
933 98268
575 30935
406 13550
607 32158
624 78935
559 55098
582 92009
260 92117
461 35816
638 29103
836 65755
171 31983
608 82997
619 35762
76 77549
624 64379
141 9831
981 44904
732 64625
446 57975
962 78105
571 7813
606 96484
190 10278
517 65692
557 69868
926 58286
517 79873
460 90059
619 93578
697 63749
654 35810
866 52163
387 79417
537 96207
260 21132
690 68355
601 43223
345 16938
571 73887
330 21495
168 69700
896 11131
918 61808
822 62274
607 36511
8 76585
450 25882
571 47463
930 331
607 91570
446 73668
8 6648
828 86250
537 96349
494 98266
142 93127
580 61517
157 68276
301 58979
976 49185
262 65775
592 88685
380 58324
950 99636
81 89244
908 88937
827 95695
461 24822
688 58346
242 46469
697 26953
961 38157
413 47014
3 8971
954 61789
423 62387
762 27732
884 17173
670 43566
933 87046
4 96873
976 25077
344 30918
76 26255
602 22204
850 60171
137 29782
934 62477
827 29829
253 98790
241 44420
477 86134
571 4696
106 44949
255 97538
481 98517
449 82500
81 82036
341 14504
387 37668
123 73712
345 13773
602 69554
986 79818
557 8771
828 32030
512 45507
822 98258
614 5724
19 36932
494 17075
545 89241
271 81873
828 76439
979 40637
35 64070
779 68136
563 23873
947 88221
414 87871
828 48877
413 81671
740 44264
441 38503
877 95556
746 61849
127 94497
983 94674
39 38987
964 79356
262 73753
715 37448
1 72992
374 13591
864 89958
10 8067
406 13418
16 71475
596 70102
218 1500
494 8920
408 64309
18 90570
937 1423
18 63703
203 87798
423 8665
256 40313
955 51240
326 77223
572 59338
253 31719
408 93685
379 16699
805 91520
956 6656
908 8511
724 99855
66 19098
62 85950
962 15222
350 82260
189 65577
130 10108
827 79554
956 13409
651 29855
942 97542
330 35416
836 54914
956 15953
638 65153
517 50043
679 86698
698 88504
374 24520
42 18318
958 45157
583 77145
16 73039
114 47310
524 78778
722 22107
336 68458
168 54559
516 76344
151 36810
138 23668
961 28083
973 50550
151 53725
732 13685
301 94912
765 6620
877 24806
906 546
350 88383
594 84792
364 45832
492 23231
157 74389
942 27529
899 31023
632 77423
204 54683
349 44832
652 1861
697 60307
755 26801
583 37328
953 73596
785 30183
885 63466
298 67103
964 30193
468 24321
61 59117
566 55700
854 59727
667 93979
412 37658
344 9227
537 96549
497 45639
727 16608
178 99131
410 43771
515 81874
600 43218
468 61150
868 28910
908 2034
696 14678
403 19171
145 86854
867 73840
835 64868
959 62396
513 31238
572 9108
891 23788
190 80489
175 85252
725 34885
597 67278
793 83018
162 13935
811 95762
205 28080
63 93507
792 16185
497 21282
958 73073
328 68206
771 6502
575 70027
947 8560
701 97717
966 83444
125 24297
423 77812
