827
132 72788
132 33794
59 14887
492 91210
601 85726
132 43762
807 22249
601 60321
96 70953
54 59710
509 90053
54 87198
275 35099
492 60594
96 68729
807 443
455 45669
287 97888
809 41981
794 21523
767 51023
454 98642
509 85401
350 61325
59 27852
547 73311
133 43736
396 1605
418 99536
185 13739
711 95049
899 68211
796 95366
412 31293
810 99027
289 10255
454 12339
454 97887
807 62471
373 7418
688 97969
192 23786
185 26257
693 14506
454 43282
454 81589
458 24302
630 85396
545 96227
899 54569
982 96084
248 82196
373 40830
231 86330
415 58812
390 32041
982 88905
807 56006
133 1273
95 17169
509 11611
614 70616
187 69835
887 94448
375 69687
958 74068
899 27777
458 32818
192 68745
54 10248
697 59132
189 40286
40 84189
688 9741
899 31474
267 88544
412 84968
250 18709
454 40851
95 49335
488 79244
620 70451
56 57270
727 37613
211 75623
109 72947
454 46808
810 84691
445 56803
329 51229
509 4892
395 60521
809 37870
361 35489
109 2746
614 1428
56 93091
380 2459
96 69244
329 9437
268 21340
657 44289
133 67360
203 4011
693 43376
759 91667
810 93904
609 31295
770 52712
614 20423
578 54462
50 88297
65 69850
560 98701
54 73482
978 22844
974 59651
244 623
538 95320
987 17548
418 80630
877 63263
792 96152
19 64346
623 75820
181 67930
794 66044
167 92324
341 53966
19 26086
149 35310
192 97267
809 77476
676 91328
187 12718
697 88365
181 34990
614 17325
858 28453
565 47562
275 60195
259 15356
609 52299
213 57695
464 56990
457 72165
374 90863
921 80415
107 54696
458 98671
736 79569
446 60738
868 53900
346 40627
275 49399
398 32974
697 73622
927 82294
755 18231
226 79655
263 17439
341 5727
346 2878
244 94433
755 70183
915 69403
899 32035
747 70512
609 59976
611 37482
244 33861
341 10156
610 73788
749 41056
756 53214
267 65141
793 71803
489 34694
184 54536
7 39885
737 9698
449 47570
259 97502
191 87762
927 85971
689 60624
902 79884
375 39977
349 32190
749 88672
723 79659
983 77998
279 10903
240 45364
609 72083
799 80868
26 75318
396 91094
766 19545
832 22079
958 28428
382 83484
634 46988
414 79538
554 89273
810 7496
748 12216
576 10017
312 58670
268 69551
281 12324
416 8230
893 34664
766 78014
66 66997
318 39288
321 5781
187 31717
26 83423
844 63931
589 71750
779 11923
739 38209
782 54299
491 73278
644 59054
452 8509
614 69023
657 8829
914 12024
576 95147
764 60887
455 54264
980 26366
266 70640
464 40247
635 83881
858 18094
714 2654
113 10157
17 39368
914 13543
697 68549
686 58431
931 74118
714 97543
894 82003
591 50626
694 67135
858 25128
471 70216
310 42878
703 88565
110 99303
777 42282
393 96027
760 32002
207 48954
962 6464
41 37278
700 88201
668 69129
678 20461
995 31086
260 98374
507 6609
583 47969
458 98594
285 40854
341 58934
97 7928
12 24473
676 65324
653 13002
447 46557
221 72931
138 40451
81 61317
819 31635
81 44
810 83849
390 98169
618 25222
491 65885
285 91944
248 52102
205 35340
605 56665
951 33732
549 53547
767 73400
949 50921
688 73452
187 48820
179 28860
332 39875
879 82067
686 9092
756 27820
16 72068
360 995
449 54281
934 16547
854 61994
398 17817
144 83637
390 97686
980 12958
827 92617
709 93835
512 49006
228 37783
111 80097
186 70026
385 35643
610 74512
599 11356
632 89005
849 69310
911 2340
15 68164
657 14140
273 21092
638 9219
337 25465
404 81441
70 61618
524 31062
24 65996
351 78844
730 87391
756 57141
19 42449
457 20685
103 42857
188 16528
46 1472
611 3207
295 20384
407 26531
971 54739
172 88664
999 98296
858 19621
651 52861
881 3078
767 40542
566 95023
961 6117
409 79668
780 2809
231 74538
153 31023
814 65132
365 58171
745 96969
920 30971
800 32295
995 92549
315 89830
59 20894
192 75634
719 92884
844 11930
285 86095
289 37338
980 6540
295 4130
779 30148
310 22608
593 52152
462 23958
926 6058
991 46772
24 48426
163 43605
981 56512
224 81930
745 80979
811 83167
440 37460
818 19639
455 93591
566 78640
873 64373
35 21421
455 46195
340 65069
785 62392
174 2998
142 95762
993 37603
207 9194
24 46109
762 33758
443 69560
580 1371
603 26353
829 21524
433 10975
776 47228
297 2396
516 38184
933 12580
102 95489
159 85684
955 6685
594 82285
182 30278
321 30273
939 72921
575 12265
24 82426
963 94237
965 29398
5 44972
885 96620
624 51927
331 79055
654 8655
915 4254
176 18133
27 65944
328 17358
653 57747
499 16672
748 81154
156 30787
400 29462
568 63386
745 39074
359 8537
880 19387
188 97954
29 78936
963 56130
157 29036
942 85173
460 36124
44 52604
581 11200
474 42601
994 95575
270 33830
739 27553
486 2137
867 18357
44 44217
293 68471
481 87213
492 34495
712 40832
346 81185
53 8860
914 85846
404 18025
337 56759
284 7103
143 34172
528 21723
187 35249
602 73716
388 74295
145 66473
369 76507
925 70486
956 50505
408 76088
88 49635
224 45721
48 17767
599 50542
20 7794
665 74985
944 74249
90 27043
914 33419
81 93604
955 33484
361 97209
910 25285
878 48652
646 60718
490 70715
355 22919
925 64477
309 13392
879 53833
583 54417
636 48586
493 7674
37 18829
682 64555
616 1300
66 65006
595 57799
336 34187
15 54891
544 30790
806 22898
163 67779
959 66145
436 43393
684 8882
118 40203
804 83133
713 24345
646 83144
907 82176
751 84846
348 55563
893 62635
543 83796
520 14128
869 25868
632 17911
297 82423
433 76662
17 43156
546 36792
365 81751
637 40854
954 24914
916 68883
262 61731
742 63735
487 3021
680 27659
743 4127
345 74394
759 95642
589 19395
199 97747
875 823
740 87276
863 51668
164 10375
576 7584
664 47557
786 60961
382 42566
51 69243
353 64633
410 16525
650 22462
265 52446
993 29603
574 49120
649 89333
311 95341
6 60149
964 47131
741 38265
134 40229
363 76854
775 71218
106 47047
391 36443
411 67493
966 91977
515 2943
333 29840
228 38870
271 7879
355 26070
706 22957
973 45253
827 23263
750 41426
338 55886
375 72522
664 79680
326 99827
730 90097
953 16033
966 5505
373 40791
472 35311
36 45980
75 18053
255 74858
288 17755
932 67594
553 84954
389 43642
146 65064
122 77943
252 84434
698 86644
789 37313
247 13282
288 17499
121 97112
612 63690
360 70791
77 82577
252 14799
221 58049
743 60936
993 34620
457 85113
989 67384
837 49997
415 75270
370 79933
354 44260
728 64312
992 24776
522 5059
715 19369
892 99873
222 94398
755 39049
160 68250
872 68041
123 62377
555 82280
875 72987
28 14694
628 37577
61 60119
559 74617
762 95800
232 28251
961 97453
357 88628
169 24218
795 53063
584 98217
691 10909
57 70706
954 45031
514 63737
509 71499
637 30983
67 26201
399 46097
516 86451
412 47144
53 9695
305 2189
62 89877
299 60146
292 86131
142 7638
719 84384
638 54107
493 21200
127 9748
267 69000
287 64521
793 98301
702 27538
841 31321
619 96025
273 8303
997 38517
117 15005
343 69270
812 18022
964 30321
972 75787
556 70052
193 48199
424 63047
31 66986
432 65179
909 75148
506 81543
381 21075
428 7303
459 80372
859 95831
223 89991
631 97195
847 85678
408 85877
551 74706
167 66167
803 15032
305 19168
334 36990
473 12646
364 22568
629 72432
470 96703
897 48043
619 27462
938 38090
830 91416
197 19618
579 84063
38 48028
523 71750
165 68895
212 36635
450 30047
888 2185
340 4720
254 77172
78 65298
243 91820
468 49859
960 35989
158 4417
34 24784
428 50867
670 1220
155 50294
367 7369
648 75748
988 97023
470 29209
892 98287
435 20875
674 9437
857 86483
617 20985
761 70168
11 34089
687 76054
178 4530
675 86525
161 81891
646 44976
817 72451
257 41225
93 89452
656 33348
417 11656
510 59206
943 91460
53 69223
134 25095
879 56759
406 15898
306 7253
560 85682
724 75805
482 26329
387 41937
632 92937
658 60539
331 70002
265 33268
112 22709
218 88763
300 31109
650 95914
165 64954
708 23550
476 77895
947 57784
125 33371
534 74891
58 31089
420 50980
969 84163
795 67891
499 35825
823 3993
195 27755
431 14845
9 63582
457 72928
901 79883
816 87981
616 57239
744 47358
941 94236
918 11797
330 61872
647 83830
437 38846
977 1239
322 18960
259 71547
847 3595
343 22960
160 99612
666 39432
855 92850
851 44820
283 63202
742 24167
441 71048
314 33788
843 47387
836 58561
980 67481
342 12553
625 6909
282 31415
60 98299
517 58188
576 5052
846 78214
484 20060
890 82221
995 23410
535 37706
408 53540
323 21780
725 75754
763 72653
939 7721
469 12087
225 55203
690 15711
627 19722
542 26402
958 58506
189 27666
567 97537
540 35938
833 13851
317 48798
150 68983
531 29890
139 91650
81 89581
222 15950
822 62242
663 83067
84 17443
695 68310
86 23236
