431
532 92734
522 41549
90 63929
635 64172
955 11316
245 37738
90 72043
150 69527
439 83982
964 87799
150 82951
918 76746
955 81286
90 98675
417 13928
35 21604
955 72776
518 87819
360 44953
360 59992
860 24091
521 26568
439 41443
970 4691
611 29966
374 57356
400 19794
35 85878
959 12181
536 54233
521 37292
769 61384
423 75527
423 98271
403 19841
90 76122
530 79288
756 40775
158 42144
679 23186
400 5212
756 13720
65 7839
635 45327
439 34580
884 23692
991 74533
532 30350
399 28076
247 79445
49 21876
343 30305
991 41943
871 73710
931 92247
580 44803
352 32283
952 55529
423 48155
177 51981
399 46748
860 50706
951 5224
423 58542
439 47436
746 62840
415 13785
473 18522
119 97950
566 31676
417 3223
964 89764
967 12966
217 85348
871 16331
530 372
297 98989
130 72605
612 67085
216 32086
335 39679
530 99839
158 81968
43 52855
493 93495
36 63369
479 59116
666 31879
992 42539
871 10441
667 13264
64 1994
868 20183
432 83703
65 79245
644 27334
169 81359
157 82567
158 45928
585 42224
113 28385
865 93604
269 50418
349 49916
849 61138
377 9141
741 78078
783 13274
578 18277
331 29961
209 41566
470 18114
123 67049
491 52672
846 22013
976 88965
143 63719
134 75741
562 12229
459 25772
119 40683
345 80697
783 6113
401 59214
344 55814
959 63853
282 6018
503 67391
298 29598
849 35073
947 10997
58 59768
269 92242
958 7805
852 10458
245 81534
100 64029
525 2039
215 72724
741 89892
178 67304
978 90598
262 59178
169 43319
562 94221
337 95766
813 97824
992 95818
622 75109
197 87058
795 9793
868 67660
788 63092
788 92623
307 97238
593 17599
487 75921
115 8416
572 8878
424 68584
442 48439
938 624
529 70635
461 63495
52 93283
257 58366
896 81063
368 18726
863 79337
65 84310
869 80586
871 27210
306 15906
374 81368
352 77945
386 33537
35 67575
541 1654
588 44342
967 77354
964 92829
454 62584
963 98466
777 11049
227 66192
640 25568
862 24015
231 88134
900 51839
151 81291
718 93318
497 38778
941 54054
896 24338
592 73507
511 95762
483 70471
311 75245
328 18788
262 55331
742 23517
537 63033
948 77554
938 55824
613 18677
715 35901
717 88028
297 64098
613 17427
813 60583
455 58316
381 96013
184 50219
886 76275
545 92671
305 63744
526 47308
672 37817
233 12083
602 3247
146 3549
104 27012
827 8145
827 35453
400 60630
970 87451
350 84155
362 10505
713 71851
310 35043
322 38949
646 52982
230 18572
376 13291
899 3386
693 1676
362 74459
884 67960
88 90619
478 22092
829 57311
402 437
605 85777
636 13300
29 87132
178 12491
628 36738
150 51549
171 46748
15 43767
310 90525
889 55702
260 22578
242 27715
865 82620
210 48770
195 16624
714 81127
866 63557
247 94865
602 7555
999 71557
215 88950
317 34042
327 86670
319 51728
831 12353
461 39408
975 59494
600 72789
1 22049
675 84328
264 8625
577 28546
623 24823
720 75128
180 18880
646 39474
444 50294
348 982
221 51269
571 22231
586 13813
568 41672
810 47766
955 42533
930 20431
51 40844
674 82555
976 75349
959 38678
27 72670
327 10308
467 67819
908 45491
587 68342
138 31181
459 65724
701 18221
899 92626
130 25369
30 61748
502 9518
462 8827
827 97753
479 78334
848 10475
880 28709
872 16921
193 30333
287 64180
907 55855
312 22276
632 33039
295 22529
41 17692
574 3989
742 29520
662 52660
166 25079
791 54890
629 7331
344 72695
150 70926
685 15925
218 39751
625 56318
52 76119
862 18560
948 4764
582 31173
431 85205
679 53211
228 18847
797 3536
895 67304
218 49250
277 73340
362 29291
634 12040
541 8067
263 48669
918 79390
230 21666
811 89395
811 51746
190 11096
385 31286
879 98467
641 60342
68 19684
857 28791
302 3584
540 11931
666 7795
992 35871
820 45613
458 20129
219 70354
581 61270
418 45646
994 41680
806 26338
119 29857
409 55716
511 41419
990 91921
256 65270
509 21729
1000 17487
919 29053
419 99708
960 17620
874 59275
535 45266
13 33494
280 23942
493 98401
88 50723
646 9734
592 24208
938 12815
869 6493
972 45180
994 69628
785 6706
802 60338
120 55916
87 5799
120 68732
524 46907
35 20860
450 81935
527 39894
712 87075
522 90335
837 5842
597 60314
91 78009
755 18330
459 13043
945 41580
573 67693
487 88552
580 63308
490 48533
901 13993
691 68465
177 29955
462 62164
946 11467
820 69574
873 36407
642 11302
80 88621
129 48039
771 49732
254 97446
808 79971
963 86620
936 19107
921 37647
691 47785
754 54815
627 89521
365 63102
602 24669
143 9792
884 12196
804 65427
122 20246
