279
747 36217
379 72381
379 74880
434 42790
747 52519
786 69985
434 16385
434 704
993 64114
434 13879
379 96541
434 50106
40 43314
379 26213
526 19391
624 92303
787 72547
624 12986
747 90630
993 27632
927 42086
339 47633
317 15260
605 78605
787 12890
810 57979
979 47674
389 47101
949 13264
402 45777
777 73506
423 5713
949 73024
715 87095
348 4801
605 10537
787 79672
514 23355
337 79707
591 9377
777 41646
286 40718
875 66091
379 81447
981 5730
591 49189
677 71950
38 86997
746 46369
514 70823
684 63474
786 97067
906 59302
264 15739
926 30295
379 3097
337 2015
698 83139
787 79055
125 877
995 89998
178 21039
591 74132
760 53073
677 46157
462 96729
423 44295
213 29310
18 24169
254 64235
547 23271
514 6569
65 79190
875 43278
926 22027
825 26503
949 47973
995 10712
132 10466
181 85504
493 33758
526 54969
334 29948
436 45203
825 75090
561 21008
291 42014
212 50431
193 1786
718 59425
852 80933
2 75415
393 54891
241 68729
104 84132
248 99831
825 14262
146 39002
607 89133
384 89722
87 5211
265 71255
762 18430
121 47175
932 72990
926 72032
878 7580
317 11258
337 4548
248 51658
415 64731
584 2957
777 47812
146 87910
88 79413
993 35003
836 84399
649 12833
671 46694
670 46807
169 75574
492 30581
213 98897
345 26308
345 70536
852 7431
837 58466
982 33812
952 84051
65 96968
777 65640
851 37124
834 98747
810 25911
813 19516
852 9898
535 93751
350 27780
946 15573
160 56644
584 62059
875 94819
166 46998
320 2811
523 27764
156 82486
577 17856
967 64832
944 15168
244 29180
97 79319
927 31258
221 93680
577 73833
132 75321
866 1199
120 74093
221 38444
826 6961
780 17114
767 59442
759 12613
421 2195
677 95222
59 80386
585 27949
248 27378
976 79793
909 46626
425 83155
259 48467
156 84139
830 70321
979 89208
979 99420
848 85974
811 4687
560 93300
104 11612
759 69371
554 80883
494 30223
626 84579
936 25001
99 93351
814 74854
404 71794
344 50956
976 73151
825 80160
826 2843
514 86162
307 43310
40 75925
564 95686
265 59848
995 87891
522 3098
260 31602
276 69061
288 22362
113 11209
684 65934
439 72799
244 30182
526 65434
208 10136
125 18527
571 84623
14 49698
861 56201
181 46615
626 46007
348 24452
649 14310
949 19041
683 96124
544 60925
840 53596
786 20228
736 26765
262 84586
522 91027
701 45850
181 80598
916 16194
284 70942
198 31990
112 97555
599 13343
182 47910
609 46286
665 13228
624 64804
900 27289
578 9651
784 82403
300 78923
85 13357
19 59970
527 30728
87 89163
852 7643
229 19243
900 6312
223 59872
145 81491
466 49170
547 46963
135 33732
711 31101
155 21221
483 77183
369 43247
131 41229
742 85341
533 73798
123 58251
701 45206
295 21196
65 23055
858 2376
677 97503
92 16114
148 56966
59 37144
149 32982
217 14199
586 8908
777 14658
830 70018
565 17804
6 10946
239 72271
797 58984
454 16457
452 7163
492 93824
948 94524
