284
360 57869
360 22486
360 32445
557 88720
934 78697
360 78149
360 28366
557 88146
52 17877
557 26849
279 30339
934 78551
557 26699
52 30072
360 78739
45 57337
235 61555
911 70078
426 97879
557 45998
860 36684
753 90042
557 34916
97 88171
95 1760
170 32404
45 55189
97 20949
966 6883
720 20078
669 620
235 16916
857 2958
533 77456
52 99686
738 73425
393 41309
887 80207
97 24065
934 90529
525 75554
521 22072
211 64017
966 72792
808 42607
808 50799
675 28057
669 91518
887 46303
893 71853
961 25129
430 32254
476 447
939 6417
52 75116
961 82941
998 13904
435 79043
171 97802
476 50408
652 7955
321 39181
635 550
805 10953
814 7870
14 28762
966 35824
857 28417
121 22212
720 50885
20 68563
796 16924
934 17243
45 92677
860 10570
461 83716
78 23872
96 34861
920 36641
321 62312
20 45092
660 68561
821 93449
638 24908
188 49336
476 10741
4 99885
541 6855
720 70174
321 58835
313 63090
611 31069
20 44399
556 8217
220 28270
339 45952
359 36123
344 58993
833 17767
65 73723
34 56594
669 12656
314 19667
706 47505
808 74652
582 15234
14 84503
911 89595
685 35042
321 21843
109 11090
910 46308
911 81699
529 64908
360 43130
808 94243
130 41463
393 20316
389 47800
150 95551
393 18314
731 54926
79 82905
934 20461
251 22325
757 47785
492 23651
855 75031
129 35581
611 11386
232 88916
159 25112
464 30752
995 86373
931 59137
773 41725
277 120
966 8562
753 72116
595 3606
316 4501
461 10825
275 3238
199 35181
833 49220
492 29073
718 84745
698 75476
577 8141
12 94902
373 52213
541 81311
899 86592
794 43480
393 71797
68 79118
527 6814
632 5541
219 98798
792 24456
49 22753
358 76847
433 42345
983 30661
377 45791
244 10403
927 77932
638 41393
36 465
411 41072
68 56814
267 87271
894 70425
316 92028
76 10514
182 50481
424 72950
369 39289
392 57526
401 82642
846 65995
50 78258
170 31213
451 96183
330 19747
339 20219
391 15288
426 34198
988 49102
961 31770
373 82492
944 40979
857 26702
264 17012
240 84755
889 16528
426 42210
825 2163
574 51559
30 79095
314 65146
283 62586
401 53168
175 99285
995 50144
814 39982
476 40595
862 74093
362 67708
36 86307
475 60726
625 14488
460 909
968 71147
862 90518
159 76668
652 21794
953 93717
507 22491
930 16427
887 93269
424 5053
957 47057
117 81517
646 78827
987 58792
96 16037
825 72762
530 86312
933 73958
131 82337
208 10022
842 68352
712 94085
622 12369
132 78425
259 69778
895 15653
876 97991
109 1076
79 93436
123 61021
259 16881
452 57437
302 78780
504 32700
646 93313
859 99489
855 10203
952 87290
786 24107
583 23544
674 8449
881 49419
736 40565
476 86223
285 39023
144 31525
75 68204
183 50155
258 6760
529 62393
481 88673
188 16164
779 33741
556 53812
70 78183
643 14315
664 79997
393 98420
473 61506
70 59159
720 40260
953 41507
324 82019
447 4462
542 77010
206 29556
643 80912
81 71060
552 18497
509 15449
553 52259
933 84961
