418 4889 61
301 124 72
249 380 860
170 317 135
90 126 343
289 297 273
144 200 316
188 395 437
350 409 1000
42 166 967
259 318 560
102 408 676
1 369 692
98 134 425
261 386 151
174 384 762
100 160 160
205 215 856
116 118 154
1 396 327
219 327 926
189 293 876
12 166 602
72 212 254
157 162 384
44 201 571
135 362 768
19 363 404
11 104 838
172 369 256
192 230 247
165 369 342
69 186 528
95 327 737
102 159 512
64 405 427
226 332 452
3 401 952
61 254 283
209 407 319
75 81 568
54 271 318
50 110 884
8 73 368
228 284 548
3 414 961
142 408 938
404 406 563
112 239 212
220 349 824
140 223 108
38 271 541
228 251 448
150 256 872
181 275 536
176 303 770
34 168 990
110 150 922
99 248 570
105 366 750
16 95 741
180 389 121
144 253 750
269 411 246
7 11 425
24 55 434
111 191 793
137 265 292
265 378 342
223 341 590
146 229 677
54 410 877
34 194 388
128 274 502
6 228 957
25 171 415
114 346 108
25 151 285
201 277 814
272 408 611
129 396 326
247 371 272
85 187 443
44 140 425
112 237 806
77 90 631
146 418 302
55 376 498
59 216 843
42 306 842
4 215 135
147 171 558
19 176 563
59 318 557
112 407 258
170 183 521
36 383 805
126 276 756
79 347 828
135 417 435
297 411 921
253 373 328
263 326 962
386 405 918
356 413 514
72 230 284
267 272 250
181 397 772
54 272 189
85 257 118
160 200 967
272 359 203
171 278 966
180 256 235
49 85 662
280 324 291
52 92 328
11 217 527
252 411 918
178 228 132
357 359 151
305 350 625
222 237 178
183 375 619
319 365 702
9 121 763
216 366 303
324 339 963
117 144 453
13 379 457
159 253 401
225 329 526
2 128 121
245 376 622
216 321 626
263 284 230
370 416 985
67 355 638
63 228 304
137 298 393
284 366 248
55 260 315
7 127 569
137 304 845
51 57 964
164 396 196
196 280 323
217 300 217
185 352 783
129 215 320
144 180 851
54 92 330
9 222 926
65 392 145
17 212 257
2 250 170
372 398 156
63 197 424
111 267 536
351 361 320
400 413 644
6 330 236
40 361 535
149 404 474
255 322 610
160 369 902
40 99 884
332 391 186
9 371 233
160 179 756
89 335 121
91 161 158
200 346 561
36 157 274
343 417 362
264 385 865
80 90 828
199 243 338
52 239 748
84 416 886
10 207 239
226 304 655
11 65 747
35 401 569
215 378 840
282 394 639
1 298 400
225 337 144
353 401 981
240 377 909
272 310 805
236 407 647
296 389 678
11 398 999
94 374 122
10 208 688
208 333 152
27 170 400
122 159 906
225 317 256
32 164 201
272 282 719
167 370 609
290 394 801
15 21 215
99 418 730
165 286 970
70 91 212
220 406 913
231 392 514
129 321 526
316 402 247
327 364 332
117 299 134
348 415 804
46 293 895
220 328 303
291 369 323
35 181 370
55 402 904
33 272 172
157 247 735
15 203 899
173 381 591
32 59 610
200 397 557
135 259 891
225 283 179
229 393 623
23 270 831
199 359 247
15 360 164
294 345 117
70 202 564
248 359 105
225 248 753
62 67 239
128 144 880
23 238 729
72 229 845
59 170 570
8 318 451
207 323 894
164 218 864
68 401 600
114 277 433
115 386 336
55 274 378
75 386 463
296 410 657
259 320 415
186 251 815
208 407 794
79 319 913
130 383 540
121 142 530
251 288 305
53 175 634
146 349 322
81 103 474
81 169 910
23 392 232
21 165 999
164 224 191
48 166 900
211 361 624
80 247 816
103 185 592
10 24 703
93 332 360
35 379 502
8 348 467
322 358 907
262 395 977
113 238 306
229 248 180
9 374 653
186 391 957
32 370 424
123 142 274
21 202 545
191 207 161
139 411 455
72 116 442
12 354 468
91 333 669
218 409 926
33 212 755
34 204 376
26 77 782
218 296 510
229 369 568
27 247 828
287 386 233
16 410 713
121 162 976
274 373 941
48 355 526
104 349 942
235 289 385
193 340 511
303 360 350
111 140 880
138 389 338
268 363 922
152 401 502
116 133 962
46 383 353
77 178 530
9 271 889
141 168 779
31 46 392
203 204 399
40 60 351
45 72 373
95 132 647
28 354 692
38 310 859
46 94 323
130 356 997
216 257 531
262 405 429
123 319 610
101 104 434
201 323 465
269 362 203
152 171 781
169 172 972
273 374 691
221 312 841
34 356 887
34 129 803
20 31 628
156 343 674
85 126 829
37 264 823
58 225 384
150 387 135
95 305 674
82 300 409
15 142 731
127 154 128
91 400 723
35 241 793
169 281 484
123 292 210
325 402 424
160 284 680
43 137 586
249 297 179
69 383 414
156 380 439
33 164 173
205 363 806
278 410 545
79 317 118
9 203 835
106 177 467
259 279 458
128 138 926
31 262 936
134 341 624
263 375 476
120 239 152
85 175 520
29 204 724
67 91 607
25 196 845
12 200 648
235 412 787
194 323 323
101 414 157
102 249 168
150 313 319
165 306 926
50 270 235
100 405 618
286 360 246
17 169 412
60 71 808
98 121 443
203 323 283
133 178 102
114 359 569
96 388 687
115 196 772
229 242 450
70 167 948
58 314 789
2 272 759
79 210 883
44 292 861
235 266 806
89 134 719
184 247 969
304 384 904
73 291 106
75 233 660
152 311 139
124 266 180
162 188 523
306 337 269
160 175 585
262 287 470
121 346 239
360 405 308
101 372 528
103 208 408
128 220 744
335 353 237
99 350 957
175 269 348
229 244 103
346 373 819
115 244 979
202 417 361
139 303 126
88 354 774
35 165 716
192 283 923
235 388 968
39 274 721
346 350 548
102 269 897
15 279 948
97 407 979
201 402 975
217 410 259
377 382 200
78 139 805
27 128 349
264 268 533
268 369 103
304 403 545
230 364 763
103 274 145
325 364 469
40 330 912
54 331 600
211 247 775
54 254 851
61 323 785
180 268 844
31 231 913
7 146 201
266 328 160
69 333 648
124 155 804
154 296 777
27 409 999
23 405 623
233 361 772
249 262 596
98 142 829
29 296 652
351 379 908
64 329 426
209 364 275
321 412 629
177 415 628
151 255 936
8 228 156
181 362 462
35 388 811
354 410 204
113 364 203
37 122 721
50 258 391
162 178 281
221 294 223
62 183 696
127 301 1
254 350 704
307 409 388
102 312 325
101 264 346
145 225 559
29 161 700
44 124 611
131 184 190
55 159 577
117 227 127
39 69 910
154 297 178
270 283 845
138 391 585
133 241 208
13 84 239
48 153 203
19 188 971
128 338 171
69 363 394
372 414 638
289 418 126
110 165 118
49 186 112
366 384 206
223 370 703
22 161 999
89 341 144
1 305 681
4 408 365
53 220 924
94 329 900
278 417 522
101 204 176
115 328 784
221 339 691
210 330 874
7 35 466
302 311 237
185 398 923
17 314 455
217 227 921
78 165 508
219 370 830
163 171 207
78 236 449
131 413 817
223 295 904
79 246 588
179 281 997
166 259 794
286 358 255
96 356 841
333 407 209
44 175 146
136 141 352
137 326 175
276 323 857
122 203 368
286 359 712
344 346 246
88 229 896
311 318 272
40 267 535
41 410 374
197 404 257
160 289 391
146 219 734
183 269 611
274 387 161
29 79 422
32 184 391
268 388 790
102 259 947
135 198 161
78 241 413
8 294 942
330 409 485
101 259 919
218 319 480
174 316 988
378 386 824
113 219 492
214 345 465
260 396 240
205 223 953
12 413 394
232 331 950
227 395 476
357 375 485
246 383 137
286 417 966
229 378 589
36 54 203
260 382 635
273 407 261
368 393 294
149 390 328
225 300 225
264 295 122
9 217 898
269 282 726
250 282 777
254 259 713
50 105 388
145 161 275
107 302 878
157 328 331
25 28 403
51 109 557
126 129 585
258 354 200
316 338 660
325 414 431
41 69 303
179 284 625
34 376 524
332 375 705
78 351 733
176 385 773
51 262 756
72 235 998
305 331 241
301 338 614
130 367 477
140 229 400
157 352 592
74 324 938
192 233 458
50 407 806
2 111 224
322 331 577
53 114 565
19 32 250
1 416 636
134 304 101
134 301 802
153 163 464
299 418 477
203 411 678
190 208 522
142 152 924
299 353 378
21 310 605
123 349 931
142 273 559
33 331 173
75 307 441
173 406 111
43 212 243
23 374 624
259 382 826
79 172 164
101 134 797
152 184 933
7 195 112
137 333 431
55 129 506
220 268 128
82 402 975
209 346 254
173 385 487
289 372 670
1 338 865
116 350 507
102 301 455
150 359 710
66 303 768
96 208 693
15 269 327
22 211 656
191 200 719
50 367 690
239 386 622
224 342 701
212 268 852
67 172 112
168 169 217
150 352 599
48 194 207
99 354 679
374 381 194
138 148 906
83 120 503
97 287 918
159 171 503
271 338 138
263 283 605
195 223 848
285 362 780
111 221 107
66 191 896
19 315 655
31 172 795
214 237 479
290 362 272
137 153 244
174 323 762
35 51 600
10 338 592
255 397 592
116 229 207
141 393 119
280 366 959
111 216 597
178 285 877
117 290 229
245 271 176
121 317 754
138 200 145
283 360 529
218 350 586
107 341 879
1 32 958
8 24 741
206 375 131
8 168 138
55 88 676
75 234 812
28 380 644
122 270 359
22 284 889
34 193 148
79 306 860
88 226 312
302 342 897
254 264 628
71 413 481
11 127 804
106 251 896
12 105 372
12 287 391
48 223 965
30 276 152
160 262 264
19 265 197
252 316 207
88 253 122
136 188 290
206 249 424
53 375 181
294 400 271
40 377 738
68 291 231
47 52 539
26 299 507
56 248 113
362 376 716
168 236 233
18 167 306
367 376 903
328 338 670
169 257 783
84 246 726
95 253 915
140 403 105
35 146 855
57 84 989
94 230 228
275 363 885
144 165 529
320 339 809
368 379 360
183 343 517
371 412 849
110 368 349
154 300 866
33 178 555
41 77 247
98 311 598
193 220 694
94 161 813
358 380 447
176 209 564
121 345 924
83 216 367
287 304 199
221 247 971
19 47 779
220 228 123
8 194 618
3 248 243
30 343 305
251 267 801
137 191 930
257 315 406
220 347 760
70 177 121
131 294 213
143 351 940
172 406 383
204 332 236
300 340 731
94 117 465
88 218 665
48 319 552
72 131 171
228 238 252
360 383 243
150 343 203
204 373 619
175 333 670
199 282 905
118 257 996
172 275 588
182 381 374
262 400 274
283 405 494
1 351 796
82 184 604
269 382 750
228 304 795
204 208 238
336 345 263
273 380 109
142 329 416
128 164 257
29 124 700
300 399 479
58 299 601
282 290 683
326 342 393
116 132 282
5 363 152
28 47 540
138 227 329
44 95 884
95 221 845
215 339 669
94 177 576
265 398 998
396 412 500
128 378 979
8 248 432
109 169 340
108 179 230
355 418 603
197 324 711
173 189 914
351 401 250
58 313 581
96 355 437
87 209 788
47 142 506
45 126 853
47 150 893
43 151 554
205 305 799
10 283 589
57 123 111
341 401 446
62 411 802
18 322 812
216 367 530
132 264 475
120 384 146
215 332 243
101 169 466
364 406 713
33 367 150
125 137 884
363 384 543
71 387 359
23 254 355
265 351 327
81 306 492
171 273 246
30 281 3
110 215 517
191 281 364
363 381 111
219 234 798
33 411 697
69 201 255
218 229 769
202 386 115
263 392 722
68 373 795
100 414 561
152 166 556
206 399 868
206 336 585
54 81 415
207 243 475
239 242 731
103 395 990
258 396 391
119 330 845
380 383 185
220 315 416
140 347 175
177 332 876
117 140 331
4 67 430
141 214 592
249 406 648
106 391 980
103 363 772
400 410 466
6 186 569
150 239 561
54 72 643
187 370 777
216 242 493
62 272 652
302 386 524
127 199 660
173 365 651
116 239 963
86 329 726
154 236 705
243 411 748
103 223 916
13 349 557
12 55 350
38 278 997
270 276 804
90 189 992
19 196 176
90 307 716
64 349 538
175 374 445
286 366 195
83 292 250
109 168 473
52 54 998
120 363 590
348 357 148
188 257 344
189 246 378
120 365 519
180 414 979
67 332 579
284 299 168
56 102 586
237 361 846
230 284 263
148 261 575
67 375 968
49 387 871
179 207 371
320 347 681
22 244 919
68 109 102
99 120 569
27 348 202
4 56 488
37 417 925
203 258 374
215 403 734
42 318 594
27 149 977
306 348 459
194 207 810
4 75 122
48 173 395
46 351 557
123 279 592
104 341 495
327 417 517
19 106 611
20 254 815
248 306 324
116 261 151
41 340 817
182 332 857
183 318 224
322 323 535
15 143 543
209 334 168
135 299 458
91 327 778
79 149 592
252 386 844
34 36 360
204 316 306
11 249 384
234 410 584
87 320 445
110 354 867
63 99 976
10 97 346
65 150 404
59 292 890
209 276 118
76 403 700
37 364 867
88 156 952
3 116 571
177 266 543
17 317 508
274 391 799
101 307 426
251 359 951
156 418 939
104 273 524
130 146 933
33 336 982
345 405 735
343 380 292
305 409 155
8 237 113
34 325 410
201 315 625
248 385 601
1 287 377
188 407 602
39 47 383
120 140 593
247 394 641
279 364 771
157 299 337
258 378 664
6 100 913
196 386 913
42 151 196
108 363 634
367 397 529
204 305 488
235 390 991
60 86 869
3 264 632
109 291 741
254 392 734
233 263 879
259 303 404
19 36 762
133 349 101
69 311 406
107 400 397
148 320 765
91 167 474
262 384 555
90 345 401
118 218 407
147 320 206
216 268 148
13 96 835
122 197 933
78 221 635
14 327 466
11 339 233
236 306 437
220 246 585
311 313 643
6 283 871
96 275 372
212 265 655
262 407 385
51 144 496
146 231 517
123 145 514
114 207 618
216 245 284
166 360 692
177 380 853
118 171 874
80 294 929
144 149 995
34 253 308
135 297 494
68 384 464
277 410 343
255 327 186
341 349 527
118 261 645
12 361 363
134 300 199
10 227 204
35 257 826
226 296 228
380 409 942
15 221 294
106 259 418
117 232 577
242 400 447
54 217 418
35 315 829
35 413 122
126 360 117
131 162 304
300 367 158
25 267 331
14 352 406
105 358 197
314 331 124
48 174 442
202 237 183
326 331 507
178 222 647
348 362 631
20 354 300
81 101 339
22 322 438
172 291 793
222 321 635
138 251 412
280 368 795
160 381 149
74 269 296
93 314 578
168 225 302
17 322 786
161 340 451
96 152 549
218 268 276
226 291 219
204 325 327
168 212 914
62 340 597
238 256 221
147 180 784
239 385 747
21 349 718
37 68 998
98 310 230
191 380 683
147 204 271
1 29 830
197 258 856
195 303 765
179 324 877
121 239 432
82 249 402
43 200 555
190 283 239
12 205 484
66 372 367
194 355 493
3 5 661
55 312 175
280 303 219
47 293 315
262 354 372
74 391 959
99 372 342
16 261 503
113 400 827
89 184 781
20 348 639
50 324 555
44 45 876
56 271 744
49 172 592
76 333 318
181 361 555
72 275 372
145 305 516
168 241 325
287 357 847
141 165 271
111 307 759
36 327 563
196 211 951
9 212 273
37 153 990
128 389 766
156 236 509
198 383 419
140 211 938
366 372 998
343 345 439
102 392 711
34 65 671
99 304 871
40 394 465
267 398 504
98 327 881
214 248 421
219 315 887
366 392 633
348 387 354
297 381 266
99 362 715
225 394 468
300 412 397
131 267 977
234 356 532
13 318 905
7 251 606
290 412 839
171 203 846
40 258 477
327 413 629
348 399 839
297 389 763
66 392 456
118 285 236
301 343 564
311 319 688
2 175 792
116 339 547
7 114 264
379 395 794
37 320 126
246 399 690
80 355 114
386 411 270
342 370 751
198 251 428
115 205 226
173 349 717
233 313 854
321 378 282
232 336 185
3 342 727
23 295 753
219 367 248
24 246 960
165 398 664
320 417 509
250 276 394
19 151 840
71 341 807
293 320 428
60 306 1000
153 400 858
63 225 790
153 395 957
201 207 293
66 192 733
225 354 852
22 199 209
8 71 356
96 214 574
212 231 349
184 199 515
97 114 742
28 89 556
84 232 542
133 169 766
100 239 864
74 156 386
2 312 838
46 195 922
25 53 651
288 309 556
162 254 274
226 292 852
93 289 682
205 239 822
306 387 674
13 299 663
139 354 698
173 188 933
113 144 188
304 417 982
39 178 885
316 319 288
88 303 429
116 348 156
17 147 446
228 379 708
152 168 184
168 245 355
106 302 984
60 124 3
61 287 602
3 299 281
142 219 406
146 285 819
52 219 548
92 239 115
114 305 405
143 384 431
284 289 478
105 211 408
52 196 819
114 208 508
193 296 394
12 133 704
75 149 361
213 310 750
65 273 230
141 268 321
38 173 281
5 14 818
224 237 398
141 156 936
176 334 510
244 295 959
265 344 401
295 389 435
124 231 802
65 414 799
246 285 411
99 157 377
99 357 903
200 214 282
194 292 302
39 45 702
123 243 658
159 196 475
3 54 434
15 240 559
314 333 118
136 413 351
143 302 459
218 362 542
44 114 949
114 153 680
245 328 321
102 310 396
199 315 629
168 179 104
133 296 304
127 323 187
91 406 982
20 110 522
222 318 878
310 324 341
28 228 457
188 239 734
355 389 593
34 315 553
164 382 527
219 220 369
169 335 393
73 149 408
90 416 404
71 242 104
202 298 691
399 407 790
10 197 445
251 322 785
114 147 677
156 164 260
122 386 730
88 210 994
90 205 771
51 391 402
356 378 694
326 360 537
206 360 131
90 105 562
76 284 692
374 382 851
169 340 159
120 243 824
55 118 617
18 168 958
46 327 566
167 228 445
344 353 471
355 391 992
73 297 291
190 206 183
16 372 481
150 264 374
123 211 965
65 416 671
278 295 276
322 343 591
2 258 769
96 167 151
15 134 807
217 218 716
193 299 185
211 318 691
280 369 344
64 360 337
154 330 612
32 53 689
274 393 140
60 252 850
268 383 253
228 278 834
165 330 585
57 366 172
292 390 401
330 357 766
1 176 684
278 332 334
218 375 709
129 393 156
39 278 687
88 398 307
346 397 229
89 235 726
333 400 412
154 332 693
55 289 868
187 249 543
7 124 753
195 233 895
58 345 645
6 20 259
318 334 133
35 44 641
35 254 647
19 88 757
66 315 333
121 319 249
160 364 824
113 205 995
98 398 633
384 397 319
77 193 994
28 68 312
48 302 955
33 147 326
120 348 233
26 96 266
183 341 902
90 247 207
100 364 490
125 178 966
269 329 453
20 181 861
139 342 547
75 317 833
173 362 545
30 189 506
269 415 576
115 271 860
72 206 4
104 280 371
328 417 780
236 247 344
12 326 916
216 363 202
204 301 616
214 370 196
66 224 311
166 171 289
305 382 499
85 383 717
19 96 279
105 154 871
74 223 902
322 378 494
53 79 209
150 189 307
151 404 911
23 323 396
142 230 249
47 302 415
276 321 449
15 225 491
111 387 816
90 249 480
215 311 162
115 326 869
343 402 620
291 411 894
320 385 568
28 223 589
54 190 667
189 369 501
172 211 136
204 321 471
91 377 271
215 397 928
136 358 601
287 317 244
234 352 249
143 245 658
196 412 404
92 213 368
206 392 441
101 194 955
10 241 237
62 327 788
70 258 947
169 193 238
244 323 989
211 245 938
213 254 333
151 414 532
130 304 227
7 409 155
283 321 572
80 359 525
82 279 223
228 402 902
221 402 320
49 171 650
8 285 681
3 169 699
143 295 907
236 243 653
37 147 298
116 192 822
90 341 797
201 339 360
70 390 993
103 118 539
163 308 291
318 399 921
148 278 355
65 345 195
49 104 482
151 386 205
245 249 266
152 264 303
251 336 910
364 375 588
261 406 508
38 297 278
33 253 743
66 398 736
124 219 695
313 346 193
34 311 477
82 328 458
51 232 116
206 394 917
44 222 327
144 255 521
145 348 927
277 358 620
12 119 103
16 370 647
234 283 987
135 325 662
236 266 787
308 392 404
181 381 944
15 111 861
101 167 557
58 65 527
225 384 695
62 219 606
50 412 262
16 80 425
264 272 234
24 407 259
179 393 839
28 36 344
31 296 124
311 336 816
41 169 259
24 202 972
54 277 792
257 348 741
83 257 770
37 184 345
151 307 926
73 256 197
17 171 360
29 90 314
237 284 575
116 237 866
285 318 731
81 173 876
20 154 184
41 363 741
97 296 535
37 294 897
257 268 393
346 408 101
127 400 465
140 352 929
139 225 871
129 222 703
82 280 889
285 385 346
150 232 445
54 192 236
2 415 969
247 391 211
304 386 943
56 280 317
27 69 871
273 312 907
81 161 358
92 418 439
121 301 566
251 311 400
85 199 776
138 353 699
45 47 776
175 377 584
42 383 786
178 314 963
73 397 146
39 405 872
77 304 796
112 344 198
23 92 954
126 284 552
291 388 542
319 342 255
59 150 303
92 356 583
22 340 135
259 329 583
127 287 314
195 206 541
272 302 598
80 165 894
11 162 823
78 256 385
80 331 405
189 250 503
9 160 397
119 417 615
70 396 426
205 229 103
294 300 394
196 197 929
125 190 588
380 384 493
110 393 846
256 365 312
190 315 297
370 386 593
139 248 950
16 171 723
155 198 549
99 370 492
96 398 657
306 349 267
77 329 584
52 84 896
71 212 899
357 409 997
211 311 469
66 218 676
289 340 332
171 379 174
146 161 211
89 96 339
203 225 815
95 102 398
4 146 891
251 260 832
158 397 218
63 194 886
329 386 341
47 264 257
259 286 302
186 320 722
317 385 961
16 218 164
241 270 826
54 205 103
146 212 943
152 207 672
160 300 563
27 318 945
22 324 147
49 55 582
110 381 550
21 199 759
17 380 784
123 295 890
137 168 440
127 327 250
40 215 710
74 161 436
281 306 406
147 394 327
141 313 721
344 345 297
53 360 378
123 281 492
95 351 429
90 139 380
273 372 960
46 271 666
47 224 636
254 331 875
98 402 734
102 213 804
56 414 921
177 329 594
21 299 196
170 275 519
65 277 879
26 351 743
107 109 854
212 279 165
179 394 806
32 181 129
122 128 629
53 353 831
148 196 195
371 390 317
74 238 882
120 354 347
212 406 700
313 329 963
105 386 814
77 330 971
136 277 878
97 119 298
110 387 354
52 169 690
232 285 304
21 315 630
115 204 426
141 347 787
10 154 678
41 45 930
391 394 979
40 171 480
46 239 663
45 393 256
262 309 946
281 375 528
328 366 290
101 343 668
48 292 458
35 298 337
224 355 142
172 266 858
132 316 607
241 271 112
34 369 212
101 403 379
93 313 813
107 394 596
20 301 180
243 294 306
149 269 851
181 339 322
19 37 101
4 33 433
54 142 354
65 304 283
313 339 638
382 408 395
246 272 207
29 144 504
51 55 801
89 305 875
48 286 508
32 316 625
336 368 935
178 211 395
152 404 244
108 356 507
231 370 512
70 150 101
4 97 962
176 196 186
279 416 415
152 301 945
394 402 803
50 171 457
150 158 594
14 246 351
113 246 428
314 402 279
111 232 102
58 102 454
86 417 318
69 399 194
4 169 160
102 360 138
178 263 598
206 333 708
255 377 470
40 253 544
21 183 607
71 82 126
58 381 555
104 196 882
34 269 659
145 335 478
240 242 243
259 389 718
106 224 820
116 199 479
57 212 707
92 243 164
325 377 287
365 416 481
86 317 202
111 331 578
175 216 689
240 326 518
230 379 270
349 353 870
15 356 722
181 332 143
55 365 304
114 335 752
377 386 320
31 37 534
263 365 495
192 339 114
8 135 302
231 358 866
69 318 242
43 291 101
153 211 157
139 362 905
39 385 817
314 412 121
115 187 543
53 348 196
158 222 881
86 291 823
31 384 219
17 331 726
68 207 329
99 404 514
267 307 598
45 374 637
45 204 970
133 179 132
58 160 620
19 111 542
323 393 350
200 328 272
58 284 284
123 396 364
254 319 132
247 309 424
44 402 442
177 292 424
130 262 540
32 179 429
53 111 143
4 147 252
6 124 402
227 407 252
37 310 975
159 265 981
153 158 838
145 250 765
63 286 823
70 77 940
281 313 960
124 303 756
77 250 975
67 109 704
207 362 337
111 220 604
41 379 642
97 107 773
120 147 574
10 50 915
118 349 197
302 380 573
51 61 161
39 406 807
298 348 830
282 331 675
333 335 392
70 243 284
201 367 648
244 370 250
17 145 950
264 323 307
131 152 359
3 167 189
61 120 204
11 243 249
10 214 352
145 260 563
373 391 950
134 180 126
141 205 559
36 212 560
75 207 272
270 325 540
61 118 981
59 112 331
176 216 877
268 370 487
216 338 839
270 295 144
313 417 669
182 234 330
63 281 319
126 330 887
332 358 645
278 376 516
364 396 931
25 181 231
199 288 548
33 403 514
31 325 208
75 178 984
75 122 397
17 389 675
77 265 695
182 266 440
218 304 889
316 407 542
6 58 503
316 337 747
237 409 539
210 218 812
75 309 740
169 287 576
15 232 572
145 340 221
149 240 443
136 215 780
316 348 123
60 358 748
92 128 763
22 153 156
287 349 467
257 301 275
1 371 743
263 293 301
71 320 128
84 269 714
29 411 116
29 216 713
32 244 805
8 154 546
161 272 613
325 336 782
87 299 121
183 214 700
232 357 483
47 399 182
149 234 453
26 227 649
172 413 145
205 318 978
24 360 658
163 393 707
389 390 455
41 325 910
59 340 484
239 373 111
248 415 896
84 274 446
43 318 791
197 337 501
182 265 979
3 230 187
161 286 766
47 261 930
275 359 262
43 323 418
10 325 486
77 299 263
338 412 926
156 301 173
162 342 554
147 372 944
48 269 944
76 205 230
103 311 897
221 327 804
141 371 802
110 334 804
273 342 433
133 251 168
201 291 416
155 307 156
260 368 444
131 288 245
295 409 960
59 241 361
227 314 521
307 404 157
170 395 968
114 187 853
219 377 703
15 413 823
295 333 293
341 383 438
116 201 140
115 323 162
52 342 526
85 183 602
72 261 751
82 177 960
314 404 469
202 346 799
280 286 952
10 223 817
46 406 615
230 369 986
248 406 326
39 150 626
302 352 324
272 358 664
141 157 104
71 189 151
75 314 656
117 156 823
98 145 951
129 356 789
208 376 218
239 258 454
264 391 520
123 249 297
48 401 966
142 176 939
97 395 445
209 384 433
193 244 852
41 391 253
52 191 729
73 395 123
47 409 363
4 229 922
15 397 581
53 211 332
4 221 899
329 408 521
75 313 458
306 395 795
243 285 200
260 402 897
42 178 317
116 351 621
295 299 820
11 269 294
75 326 853
79 123 783
200 228 246
238 383 442
228 357 730
252 260 978
66 355 821
103 188 524
78 110 555
265 285 163
354 384 521
76 137 385
25 65 444
210 284 587
107 309 699
114 246 914
224 331 127
72 382 294
209 400 654
61 396 572
159 269 168
222 400 234
299 398 619
123 254 470
70 303 444
227 323 645
142 284 798
33 103 607
256 386 595
336 362 496
87 238 986
197 398 878
49 188 530
54 116 202
72 299 959
187 374 836
272 277 588
65 357 650
116 173 681
128 151 451
3 257 528
176 346 627
280 370 194
14 190 925
21 390 321
69 371 193
64 128 535
138 387 930
194 392 591
62 78 388
87 391 149
44 166 130
45 385 193
11 315 415
202 221 574
346 413 997
45 115 458
298 341 860
26 279 430
25 229 231
3 171 508
90 168 221
75 256 725
156 157 421
177 209 439
292 311 104
54 78 683
325 398 942
107 212 627
132 140 300
96 391 584
149 218 894
263 359 947
253 287 476
14 147 192
350 375 732
160 379 785
232 256 622
105 239 557
76 385 153
62 308 177
279 366 970
87 311 724
64 248 466
370 412 835
102 258 180
386 402 705
120 409 148
36 189 962
46 194 633
82 310 381
62 337 355
35 162 653
143 394 560
242 306 973
77 395 425
140 355 665
121 214 565
109 259 525
57 264 258
23 26 648
64 195 602
180 250 903
258 414 710
271 348 378
171 243 141
26 137 442
124 156 841
218 219 616
86 399 831
69 259 503
288 394 697
96 227 306
226 342 311
137 387 630
178 196 218
132 238 385
109 248 869
105 127 394
22 239 523
397 402 942
175 215 180
90 287 942
162 387 245
346 390 769
351 375 335
179 185 638
241 273 183
331 413 965
6 246 634
242 346 362
116 171 210
245 289 902
120 204 166
135 153 854
38 73 613
192 375 414
47 228 560
203 334 484
260 271 914
6 200 152
71 80 528
56 94 734
17 208 947
38 269 199
104 382 273
171 331 654
223 272 568
3 213 563
56 76 933
185 412 385
343 398 345
186 252 176
183 254 945
220 285 562
362 386 726
89 348 146
238 412 425
4 96 716
261 269 257
94 180 161
83 288 265
18 145 313
232 335 362
108 135 669
157 231 395
219 359 651
82 197 439
144 296 338
399 405 672
62 260 926
56 345 346
14 330 215
49 92 898
175 193 907
276 282 845
60 407 316
12 142 210
259 417 328
2 316 805
133 412 951
205 322 654
116 174 903
39 254 702
118 417 344
140 286 311
134 238 728
29 62 711
167 186 351
82 386 584
26 89 524
324 364 809
122 367 221
89 108 302
101 267 366
206 286 765
35 392 956
230 295 501
45 222 714
108 189 784
173 401 671
14 395 859
37 104 588
47 386 756
266 371 327
84 178 675
177 242 254
67 285 932
32 385 420
52 358 450
146 299 899
1 199 536
62 313 821
3 45 828
185 349 302
90 167 384
202 332 430
126 339 526
301 328 116
22 178 219
117 188 841
186 364 668
190 241 599
49 389 675
85 324 504
154 358 795
354 355 391
103 303 440
32 332 189
79 192 338
176 224 574
108 379 940
64 288 709
16 390 938
286 288 279
40 280 172
25 130 291
134 196 188
26 415 383
13 53 785
299 311 110
215 415 479
5 219 906
251 357 272
54 57 452
28 94 685
249 415 442
87 390 342
9 162 229
17 339 329
343 363 641
62 208 360
117 153 680
32 331 452
78 271 551
272 365 881
286 328 498
22 203 583
264 353 385
126 411 265
23 161 325
16 111 133
266 315 397
44 123 370
196 359 124
181 319 499
81 417 629
7 337 447
8 323 237
218 272 163
203 260 547
12 247 387
78 252 974
72 128 696
408 417 623
75 294 484
105 309 454
248 290 942
211 248 430
121 151 946
254 394 306
183 305 143
78 283 773
24 361 215
217 392 767
199 324 348
5 412 612
240 403 774
24 233 317
33 121 705
198 352 413
44 288 485
63 218 648
175 282 854
132 350 445
405 408 621
356 396 127
7 354 285
21 273 769
54 233 663
99 416 212
260 383 675
131 258 291
111 258 203
143 265 828
276 407 347
99 111 514
151 182 792
132 375 816
86 105 245
1 366 565
228 388 722
36 411 961
7 350 460
244 348 604
6 105 327
3 127 853
211 343 849
101 223 761
186 312 457
82 94 824
258 295 301
169 342 818
68 377 538
72 232 970
208 340 288
29 390 397
390 399 538
345 389 924
310 335 971
265 311 242
29 388 604
30 340 864
93 333 284
77 163 269
86 352 470
91 415 891
8 12 849
48 406 815
109 147 752
359 395 358
94 207 510
27 57 370
82 208 911
6 258 810
113 256 487
158 190 257
94 129 684
47 323 643
162 309 571
5 336 993
8 244 635
164 371 608
337 361 345
4 22 256
107 238 153
1 202 539
242 322 404
207 299 272
63 181 283
251 353 126
199 368 204
109 325 643
84 120 528
166 325 392
40 257 205
355 397 251
289 326 595
328 372 781
68 71 175
233 334 363
188 318 436
146 347 518
5 271 689
245 366 834
324 344 929
158 294 754
115 393 131
360 408 788
207 250 538
37 374 830
120 308 627
25 295 698
49 149 878
308 333 151
19 250 403
115 338 382
258 325 573
201 345 427
300 360 683
105 107 550
214 280 871
197 264 274
15 310 543
200 207 725
84 374 735
152 412 959
16 271 833
203 405 350
139 416 398
30 317 3
224 282 275
74 198 673
45 264 372
150 296 821
152 343 360
190 328 445
359 409 400
178 403 645
26 44 784
10 22 649
57 192 279
251 367 370
26 269 963
239 364 139
391 404 258
136 379 133
2 275 677
11 289 846
69 118 456
147 328 172
70 259 663
15 66 329
140 234 705
34 224 183
271 368 804
31 413 675
84 148 935
24 92 613
318 408 530
12 307 715
329 347 313
75 263 608
15 204 143
139 376 700
150 216 431
52 165 682
94 402 798
62 267 854
107 190 413
38 89 743
59 324 609
13 385 619
55 405 886
98 334 112
273 351 336
199 292 429
217 239 451
75 198 404
31 414 635
63 267 859
239 243 581
64 90 674
53 393 335
46 81 976
93 350 743
156 360 991
91 96 127
85 260 248
139 213 594
164 395 980
129 262 501
185 276 278
170 359 471
101 145 710
277 320 686
87 332 790
118 236 727
192 328 154
70 108 244
142 164 876
215 303 488
297 397 578
100 371 334
149 236 693
158 240 199
266 360 422
375 390 973
99 259 505
147 382 774
2 248 572
337 376 666
112 285 690
18 372 159
179 404 647
99 413 905
45 255 862
15 152 867
187 288 528
220 277 447
79 93 195
356 392 517
66 109 432
179 363 950
262 290 635
158 346 995
171 398 965
9 171 741
87 107 580
136 167 594
124 302 283
63 288 329
13 79 159
28 341 123
225 335 564
65 136 880
303 316 182
81 121 513
120 290 753
238 269 373
72 186 143
209 267 728
265 269 752
136 354 604
144 153 397
57 115 429
118 390 151
89 337 508
13 168 634
26 130 546
56 168 301
8 317 483
82 282 986
52 264 440
20 103 613
214 353 676
134 297 736
89 263 381
248 273 109
1 109 249
167 392 891
112 373 607
23 376 340
18 259 199
139 286 309
131 363 126
212 285 698
189 252 364
135 264 612
54 301 227
207 338 139
30 364 462
13 254 282
74 163 696
143 262 438
115 155 747
95 237 796
71 104 260
136 269 234
23 61 287
110 279 994
84 159 317
47 186 131
63 343 927
288 399 717
152 362 964
171 219 381
195 274 592
17 382 883
132 311 714
51 173 397
46 392 635
176 314 805
11 324 281
135 291 476
40 301 468
88 181 737
102 416 714
382 383 832
1 236 363
232 286 185
314 334 811
240 261 480
21 306 720
8 14 321
149 166 414
299 331 516
39 74 440
19 252 796
81 292 791
110 200 326
113 204 291
60 96 985
14 241 378
195 218 290
13 384 789
233 385 387
9 123 340
19 271 750
201 321 918
235 361 783
49 145 334
22 303 762
246 357 319
26 162 397
286 321 364
216 365 940
83 400 515
2 115 530
299 344 104
224 286 475
13 33 309
111 291 933
246 296 877
24 51 351
44 149 481
192 245 255
297 392 113
195 261 265
115 413 551
188 379 140
25 184 938
81 377 236
367 389 442
122 343 102
41 116 512
70 381 887
82 165 903
25 165 779
3 18 283
321 358 991
29 235 636
365 405 652
106 192 337
171 407 406
125 207 237
269 319 699
62 381 209
69 406 701
69 256 527
93 391 739
69 153 490
261 295 120
271 279 372
180 220 664
366 388 487
181 193 966
103 414 770
1 49 499
2 308 221
108 392 977
290 330 262
58 375 127
119 125 399
28 110 184
101 327 928
191 216 123
223 412 662
70 318 501
233 252 521
192 368 799
1 398 359
73 276 421
49 191 706
340 362 563
230 345 431
72 124 1
96 354 813
62 283 196
302 401 570
14 283 198
169 264 799
110 114 807
16 170 884
74 292 706
118 283 153
357 366 865
19 24 399
124 193 695
55 328 273
61 231 343
58 169 129
11 155 165
24 285 967
97 108 256
249 315 646
120 362 779
48 364 505
175 356 960
81 109 668
11 73 899
175 214 863
34 344 432
132 310 144
158 399 974
282 286 388
206 241 871
72 167 348
128 416 597
27 337 264
75 214 246
171 272 888
395 401 861
119 322 135
92 251 564
211 411 801
185 288 161
204 342 684
227 300 592
100 286 676
6 110 226
9 206 448
214 233 763
330 411 352
175 337 581
95 173 773
82 320 148
265 371 170
120 398 351
352 413 228
203 224 906
32 34 602
86 102 371
360 393 846
109 323 540
310 368 635
3 314 303
131 400 174
108 188 557
146 371 802
158 184 128
244 334 352
143 365 649
190 276 496
240 311 528
288 307 780
180 412 276
253 299 668
200 413 683
100 287 786
28 143 838
206 305 946
212 274 861
35 255 508
144 179 501
110 208 172
1 101 455
137 414 458
294 398 880
57 405 264
32 367 529
70 174 467
29 42 235
66 143 324
58 163 848
202 210 258
229 374 345
97 250 389
261 285 175
280 341 983
173 243 813
245 255 537
63 266 735
39 189 897
20 204 592
101 309 330
149 340 593
57 142 544
100 199 522
42 253 214
10 393 522
71 236 873
10 354 904
248 397 454
23 287 153
2 322 993
39 354 146
240 394 757
117 283 762
210 309 425
165 311 106
315 327 748
20 326 808
310 348 451
48 159 114
65 157 209
307 330 821
370 410 226
23 397 532
147 302 176
48 340 816
96 389 981
220 250 651
172 180 266
126 390 799
93 134 505
90 244 532
137 364 564
216 288 440
30 150 540
184 287 811
12 147 142
181 203 985
301 341 575
307 388 582
77 137 398
375 415 696
195 281 108
25 233 575
298 357 924
20 258 826
118 416 368
64 408 832
39 59 582
6 393 641
43 356 216
168 311 131
32 68 455
159 372 448
165 300 601
17 123 160
17 368 362
46 298 767
336 363 745
152 334 600
72 266 208
201 252 165
217 229 434
110 257 843
84 162 534
237 352 714
389 409 729
62 168 473
189 290 830
1 219 706
196 402 615
49 193 148
91 397 296
43 217 416
194 310 602
215 283 281
10 284 802
167 344 105
209 337 743
11 48 166
13 277 708
46 100 665
179 223 982
62 257 305
201 308 583
61 346 636
22 146 887
33 82 357
108 153 991
88 101 449
265 281 867
101 122 978
32 168 175
171 212 791
253 276 160
184 346 381
83 339 426
280 361 910
312 378 814
299 313 960
2 43 531
110 344 403
129 257 439
101 402 326
165 179 138
14 208 885
98 325 275
171 248 753
8 39 781
33 301 676
102 327 142
287 359 619
102 108 529
7 158 772
315 316 143
48 273 788
25 70 673
187 224 360
72 356 273
104 304 450
62 223 454
149 297 886
57 143 466
79 199 663
39 307 560
150 212 598
242 415 839
238 282 287
173 357 510
282 384 938
50 198 126
13 111 346
10 198 737
100 256 143
187 388 878
212 232 342
2 69 386
4 69 654
233 278 368
192 402 138
130 226 347
131 314 438
252 398 430
22 357 579
217 264 401
375 404 360
213 294 128
132 197 335
157 357 683
149 171 498
159 326 539
67 273 345
59 302 124
88 143 567
166 404 996
11 126 612
27 381 981
278 282 547
56 209 733
181 311 859
207 366 187
52 64 982
243 364 247
129 285 525
20 368 591
34 270 588
14 273 633
286 392 651
15 315 513
187 294 424
45 380 321
236 256 371
42 54 489
13 260 905
23 224 113
35 206 736
39 83 142
327 408 998
100 112 709
265 372 741
69 159 833
6 34 673
12 381 339
315 409 950
200 202 504
88 373 283
82 396 292
36 404 862
142 353 832
157 202 411
23 204 358
127 326 387
101 271 298
235 242 755
19 174 618
72 282 180
121 371 426
7 155 683
115 234 591
134 289 805
210 323 597
112 326 878
9 161 152
346 352 887
164 391 720
182 227 516
133 370 603
220 351 809
168 301 504
347 389 733
132 395 579
209 386 666
15 42 578
81 235 117
119 222 933
156 191 190
166 211 960
228 311 436
103 399 857
11 60 345
380 394 687
128 406 586
67 85 682
79 128 696
179 389 643
287 395 197
106 280 741
196 270 945
77 303 861
147 312 153
7 19 219
184 413 130
42 353 275
96 413 734
160 390 551
28 360 102
271 356 549
287 342 679
19 202 143
316 367 177
123 350 115
165 357 486
184 411 744
83 149 849
156 327 578
271 397 298
16 126 570
287 355 243
72 329 307
13 139 671
67 134 839
156 260 711
380 390 489
8 9 885
156 292 218
205 208 387
248 362 506
63 399 986
21 192 777
89 248 742
56 316 243
60 412 699
90 169 330
2 15 844
53 366 584
339 409 936
326 403 716
25 253 289
319 350 953
94 302 761
170 355 184
365 411 856
3 246 322
51 101 130
271 332 864
11 321 150
373 375 591
170 410 171
89 244 829
210 406 107
41 73 831
198 406 366
86 284 775
34 418 652
256 271 339
127 394 872
165 356 949
226 338 254
91 306 332
344 373 903
238 244 699
195 412 696
108 346 420
92 172 294
57 398 213
169 379 828
91 99 736
346 412 903
270 314 494
184 403 959
1 196 821
84 359 507
98 259 198
112 177 507
46 126 460
97 115 285
175 400 203
155 201 577
148 186 659
150 384 719
3 13 565
169 261 595
103 415 5
269 351 187
95 134 958
132 231 980
82 363 279
265 309 881
83 381 571
5 270 388
102 255 897
178 179 930
96 217 515
282 360 292
84 372 191
300 336 288
233 249 581
127 291 654
372 405 669
108 193 582
52 167 149
204 401 428
288 375 566
155 395 280
2 172 574
101 166 579
178 404 348
115 395 821
288 299 747
316 403 860
354 383 620
73 411 500
201 386 876
91 280 984
78 209 497
294 405 727
115 354 452
191 317 268
209 397 213
77 199 239
93 344 315
49 140 448
34 179 553
32 213 256
115 214 684
37 121 467
83 274 531
134 311 1000
148 181 205
124 387 359
207 332 272
189 298 623
171 402 568
151 162 767
74 398 380
200 208 699
18 300 167
99 237 289
207 265 219
235 251 479
179 286 206
228 319 733
8 56 897
57 166 365
78 364 270
11 166 357
368 394 831
91 165 211
158 186 372
144 361 176
199 387 682
19 81 951
17 349 672
56 83 520
236 333 416
232 292 827
122 361 797
136 158 569
10 406 585
171 325 122
61 350 974
63 158 361
77 122 134
237 274 624
189 313 969
350 411 774
214 222 684
110 203 278
155 286 380
195 306 738
282 376 578
27 159 250
251 287 838
162 344 740
142 342 635
44 245 414
26 217 279
171 263 630
1 263 247
68 159 399
132 365 764
149 214 499
321 384 732
22 69 461
189 196 797
110 182 625
330 393 118
56 400 500
202 280 513
189 285 934
20 49 689
104 263 911
370 389 238
159 249 265
125 358 164
161 245 727
81 321 795
137 210 156
26 281 152
7 181 805
224 381 390
131 185 491
3 317 379
63 338 352
222 339 268
67 68 311
46 225 888
320 412 1000
249 411 825
154 350 176
91 304 707
336 366 701
245 355 207
186 259 798
51 398 365
372 402 290
314 407 204
99 393 342
93 286 845
168 275 428
288 347 805
147 209 167
83 133 865
88 363 164
175 329 214
321 417 206
83 231 780
146 381 489
103 216 633
142 159 820
346 364 717
70 222 930
220 330 513
44 171 453
138 354 257
134 192 446
330 390 364
193 214 443
155 179 467
258 418 470
236 408 494
171 296 654
64 313 766
26 286 239
134 412 247
226 345 373
62 122 204
179 188 784
325 340 907
165 255 306
18 150 727
14 154 867
285 413 568
82 410 765
383 410 432
11 47 506
228 315 297
47 259 401
285 300 127
51 68 338
121 308 353
344 362 446
368 408 262
67 107 947
354 411 393
192 193 399
3 322 311
87 326 949
206 378 173
76 131 957
150 394 126
69 296 880
15 320 245
319 394 423
338 393 188
231 327 816
183 301 411
190 337 128
337 409 292
42 116 476
42 380 788
127 131 986
293 325 596
67 240 143
115 303 433
156 256 731
35 224 754
39 276 722
205 374 456
25 59 931
357 395 775
215 249 708
31 34 964
11 167 926
214 325 149
308 415 896
187 242 282
135 282 103
91 128 341
28 346 205
95 229 449
127 271 972
86 115 240
57 315 931
96 363 438
347 368 269
171 330 797
1 259 676
145 326 942
31 119 924
124 187 537
20 329 932
127 185 429
167 222 215
20 120 639
12 337 821
80 253 913
198 357 558
47 342 546
28 364 864
6 416 247
136 243 903
40 371 278
150 354 696
72 368 118
93 295 248
35 376 179
153 344 423
234 406 455
83 385 446
171 306 943
92 344 342
159 352 644
217 250 170
161 210 473
34 326 806
7 259 572
248 304 316
168 201 857
84 358 960
99 364 533
95 121 866
301 339 927
353 379 369
157 278 418
88 256 393
376 381 684
199 290 198
114 386 623
78 148 391
361 417 453
49 168 837
147 183 103
111 364 261
62 314 187
115 322 608
296 350 648
75 89 447
172 339 856
79 321 884
82 117 410
140 204 295
70 254 906
25 349 448
30 169 536
248 380 681
37 209 888
194 340 938
31 400 863
43 190 243
41 377 317
151 324 624
34 188 680
85 211 848
81 233 904
45 279 245
69 127 238
21 280 123
172 411 430
69 192 381
240 269 211
127 247 870
71 81 950
189 199 109
129 168 587
13 91 858
130 342 773
273 381 674
16 51 148
12 97 999
40 277 660
96 264 908
7 48 760
390 406 626
169 295 515
6 170 999
101 304 382
30 308 979
3 7 961
291 331 619
106 314 271
9 51 834
33 99 605
77 160 240
53 197 998
232 411 913
47 237 206
127 189 907
203 223 827
82 84 128
12 180 761
182 225 132
44 304 223
69 111 381
59 190 271
272 402 692
76 339 689
93 153 661
97 184 368
133 393 277
65 125 417
111 160 788
175 347 605
71 159 749
32 191 786
45 404 822
242 270 190
48 93 206
153 263 254
24 337 883
35 113 240
272 371 944
168 303 933
13 336 139
22 251 661
201 233 270
57 369 458
206 388 943
292 349 204
80 94 784
211 324 592
118 232 604
58 350 462
223 418 791
73 91 235
311 403 540
9 216 465
124 348 749
178 332 949
6 410 329
292 362 349
53 74 493
152 251 349
99 318 548
354 365 481
278 286 602
118 409 957
28 46 232
75 304 578
33 400 856
84 98 141
57 363 715
100 317 208
142 407 259
47 149 698
22 386 248
364 405 598
32 193 590
48 261 750
221 303 183
382 398 159
332 344 838
80 172 836
41 388 234
50 257 107
291 298 174
12 233 716
26 247 166
81 151 695
352 359 260
140 369 656
46 371 767
20 240 463
157 212 328
279 334 696
30 135 713
49 195 300
267 374 383
29 98 158
133 267 947
42 157 394
152 177 946
179 396 113
22 323 122
144 289 349
293 352 196
67 262 822
99 211 516
226 262 571
49 60 227
8 92 698
40 98 935
157 331 254
30 384 344
267 368 106
82 195 413
128 415 558
85 146 653
75 215 395
53 184 726
259 267 682
84 399 472
14 97 853
384 413 969
34 352 361
35 251 977
278 348 188
64 407 407
302 307 1
258 411 648
132 260 614
356 379 888
80 356 288
392 401 589
52 186 123
98 278 242
41 303 909
207 211 418
316 362 358
40 191 395
109 394 492
217 359 327
159 392 983
16 346 688
117 134 616
75 181 831
178 315 526
189 377 682
70 169 961
129 227 102
55 57 970
314 344 525
289 300 521
325 411 816
336 372 355
270 399 479
57 244 676
44 126 634
237 275 983
15 137 883
118 317 355
46 105 343
11 414 334
51 330 973
285 343 647
336 347 853
225 226 745
6 195 232
12 217 289
135 247 348
88 150 853
217 320 144
174 239 525
13 153 964
66 179 859
186 330 164
321 332 836
12 118 863
337 351 831
108 377 408
124 224 214
99 213 768
332 365 636
113 215 969
191 310 124
81 374 645
65 254 339
239 349 813
161 275 332
139 223 261
9 66 210
24 296 519
38 62 581
220 391 856
34 255 894
66 288 599
53 333 914
13 300 449
160 318 332
253 309 917
43 246 675
156 285 797
101 293 372
255 275 806
204 340 290
116 122 851
14 214 627
83 209 347
54 198 262
127 417 765
21 415 321
152 260 423
177 379 395
38 367 841
145 418 740
1 309 941
25 263 861
21 54 673
153 369 177
145 273 617
153 155 470
92 140 578
125 153 819
56 115 440
13 245 163
187 257 638
153 317 1
110 209 640
124 355 215
125 232 457
184 367 629
369 406 487
139 299 973
110 214 629
25 183 677
284 312 296
237 304 981
160 239 924
128 409 476
78 153 964
250 338 339
52 340 260
116 136 550
45 78 536
78 106 608
197 282 489
165 331 819
325 329 937
220 331 407
52 292 286
119 379 512
36 194 257
323 340 296
395 414 200
334 349 236
331 406 411
92 112 520
184 326 785
234 289 887
32 365 495
371 374 912
26 147 825
3 151 635
177 275 322
306 311 623
217 380 995
145 170 269
34 302 360
125 373 721
16 89 258
18 77 600
10 45 116
16 142 299
166 416 218
70 128 330
89 177 486
132 236 432
65 169 908
119 250 630
125 402 320
27 90 160
293 329 679
26 133 227
104 338 352
58 244 456
136 278 144
34 154 427
69 125 443
289 409 487
96 338 121
92 357 388
108 362 422
10 365 583
88 245 294
151 275 319
40 235 102
306 325 920
223 380 781
16 339 469
97 248 391
157 280 899
27 132 886
107 307 784
112 150 554
147 353 249
235 305 837
146 150 593
181 364 452
142 209 259
11 415 663
99 112 271
73 273 814
52 163 730
34 161 257
16 61 627
74 332 740
59 410 549
73 287 922
301 352 234
14 262 639
53 416 546
6 144 821
361 373 959
80 242 761
214 358 702
335 393 176
75 249 728
17 75 924
152 215 359
79 243 281
126 391 921
207 378 699
28 229 798
91 152 762
337 344 491
110 370 754
118 268 308
260 276 576
11 234 510
86 137 921
202 225 700
289 380 730
120 273 627
20 238 597
395 413 174
51 347 259
190 319 799
332 366 634
137 295 400
134 370 348
189 360 475
2 345 768
163 323 472
66 193 206
152 385 771
128 285 116
91 139 374
8 43 330
187 217 648
255 335 379
208 302 682
151 199 542
119 295 523
68 335 547
89 185 202
106 369 950
321 325 697
43 108 742
229 405 479
302 337 811
332 380 963
167 334 626
189 268 889
73 124 568
241 350 990
2 143 570
336 344 907
237 283 875
195 211 508
104 299 663
249 274 735
12 228 141
163 328 383
196 327 685
109 338 128
111 295 668
65 369 573
16 300 725
27 280 428
161 301 346
55 400 205
37 324 514
11 66 280
41 335 798
175 402 430
97 104 788
33 51 112
138 239 428
124 369 724
204 294 805
61 371 962
272 306 665
223 354 418
48 88 774
247 373 279
12 244 963
270 379 372
366 376 289
79 385 908
79 354 390
232 406 377
239 378 791
169 384 490
28 308 240
134 294 447
115 140 721
135 214 587
182 267 751
141 180 775
119 202 123
276 288 438
159 348 529
295 396 344
130 144 517
75 319 145
125 396 916
5 246 550
78 414 687
65 211 506
71 84 482
143 250 501
233 238 656
56 354 873
284 330 588
35 54 338
138 407 841
82 369 701
8 219 760
202 378 202
184 351 453
16 207 697
118 383 762
41 279 216
114 285 597
73 360 970
60 276 262
283 382 504
327 374 815
240 312 649
324 375 232
46 109 509
58 219 883
212 399 569
210 316 996
149 207 119
217 238 283
32 42 690
186 244 359
273 393 800
56 194 356
27 376 268
243 388 157
198 213 724
80 193 987
169 367 588
296 297 335
22 114 908
88 128 218
118 270 850
105 141 222
134 220 343
160 349 568
218 371 440
27 88 241
64 376 746
136 169 887
178 408 735
111 269 630
259 331 118
386 415 357
119 364 932
100 384 772
243 339 725
134 246 216
4 303 543
97 238 105
40 324 977
199 367 754
40 231 442
128 176 909
14 393 442
233 328 870
85 96 519
3 98 235
67 212 479
256 334 748
170 315 915
320 366 306
1 269 286
21 145 150
223 247 641
30 236 293
53 245 643
73 202 554
16 104 803
230 312 711
212 386 448
176 179 619
293 380 480
142 368 965
19 65 692
175 179 799
131 153 541
156 281 339
281 305 665
45 53 368
26 47 779
249 312 135
172 253 851
132 227 799
38 298 951
344 388 130
72 73 102
108 242 441
120 259 355
37 363 368
16 32 301
46 336 756
151 286 168
52 294 337
12 301 824
229 283 669
101 344 434
192 231 511
137 142 351
37 254 138
265 279 291
191 300 234
282 339 492
37 251 212
59 219 182
85 241 704
168 393 421
62 233 136
5 256 995
182 406 774
74 214 704
127 415 5
65 213 917
18 124 164
21 403 464
322 399 756
133 297 420
295 392 223
162 212 853
314 336 678
26 391 700
159 382 781
110 324 503
95 136 771
58 153 642
241 349 146
313 369 583
297 403 813
227 266 491
407 412 281
1 303 394
37 86 895
93 382 318
192 396 755
315 359 862
270 286 204
126 173 764
110 337 512
322 384 365
87 234 828
235 340 384
35 81 950
166 271 923
19 408 582
79 291 188
199 396 400
4 241 236
63 97 227
257 418 171
58 370 232
126 267 228
122 282 184
182 244 156
44 272 148
194 224 292
94 349 377
60 302 4
228 410 177
183 233 169
21 239 596
44 194 858
138 276 875
134 140 989
46 95 512
115 313 974
200 241 361
130 209 356
69 88 914
83 132 692
76 135 421
168 407 839
304 383 465
158 174 543
67 347 629
35 389 168
264 336 697
221 246 596
344 357 254
169 170 894
298 345 888
178 216 871
34 44 996
18 206 394
278 412 448
149 172 132
166 322 726
49 347 814
192 300 131
148 407 703
303 359 574
87 346 520
214 416 169
136 402 942
7 186 132
94 290 874
301 345 923
112 351 470
93 184 587
32 346 927
174 313 146
29 56 501
297 328 214
32 248 736
239 393 385
101 356 283
13 142 714
50 137 927
144 257 538
111 182 716
138 356 922
97 214 190
253 313 226
186 216 585
89 119 567
281 286 343
26 404 308
4 155 873
61 361 315
31 38 775
17 175 705
168 224 588
125 347 178
207 387 927
166 352 133
39 336 506
6 203 439
83 249 607
96 195 784
155 387 774
39 248 413
168 360 969
84 209 676
102 313 247
242 338 627
116 244 929
236 339 225
13 39 834
184 195 189
115 227 153
206 279 464
64 311 686
146 248 104
231 283 748
156 356 906
363 410 500
22 149 989
129 358 944
68 254 865
24 331 145
164 274 465
306 386 784
49 146 866
339 346 612
17 98 886
120 303 833
52 337 876
213 260 604
28 402 490
31 48 772
346 400 114
381 413 637
264 347 281
80 304 444
91 157 446
68 396 647
152 370 897
356 402 761
33 365 767
177 349 575
154 364 256
33 384 805
52 104 170
278 297 866
190 326 982
267 338 129
87 161 598
181 287 516
65 188 689
272 380 690
392 417 371
202 226 638
336 356 865
18 379 431
249 391 838
129 371 978
86 371 161
181 314 253
37 134 779
12 76 246
188 258 230
311 416 445
22 103 513
200 332 291
197 299 139
178 349 659
161 315 999
3 84 463
380 395 103
12 14 319
371 417 696
146 356 537
1 14 828
8 10 633
91 393 436
165 323 419
239 404 317
63 349 267
209 232 578
76 321 982
111 240 393
342 408 434
102 231 307
247 359 836
16 158 335
223 266 979
303 365 296
342 358 556
197 228 922
149 154 776
25 249 896
24 239 757
25 132 742
84 205 392
319 366 670
271 351 683
38 119 768
3 185 354
108 248 163
188 246 292
298 313 423
313 317 202
63 367 373
82 317 497
136 365 675
329 340 213
73 353 966
102 112 867
179 204 149
161 329 516
105 343 946
35 190 440
161 266 679
23 344 891
162 165 954
182 292 391
105 221 893
6 365 325
298 328 851
303 403 713
119 209 818
93 158 755
258 350 424
197 255 103
79 201 442
6 396 207
343 411 420
267 347 423
347 348 248
151 398 749
9 307 651
186 207 567
305 393 153
103 225 340
105 252 588
272 344 467
162 334 870
36 244 815
251 392 869
95 321 493
51 89 419
200 297 103
82 260 260
85 402 892
224 378 632
60 174 241
177 312 349
53 260 832
304 314 563
99 136 820
214 374 745
254 371 609
213 314 716
2 246 455
271 311 133
41 165 900
150 186 365
217 366 394
171 240 527
76 159 264
81 347 936
119 257 252
95 362 324
287 408 432
60 290 996
136 251 614
142 385 544
284 374 346
341 342 709
169 283 358
261 394 351
77 400 515
130 137 214
167 283 458
133 287 755
125 242 493
15 208 386
101 220 899
190 353 752
238 399 677
276 285 982
93 274 386
22 91 727
11 122 623
258 393 443
202 392 252
347 384 196
138 249 460
6 269 698
144 400 879
148 175 576
255 379 424
258 265 199
46 168 887
189 244 563
281 320 670
61 160 794
71 151 744
11 94 910
211 241 574
257 392 410
371 373 201
126 143 950
30 363 756
25 300 833
18 340 345
65 228 156
324 386 318
12 56 597
53 340 896
119 139 605
107 162 417
153 354 872
41 228 534
100 363 162
142 205 311
166 269 914
4 244 472
355 374 284
323 327 168
17 334 406
67 358 509
15 399 347
315 377 702
159 211 363
143 171 736
314 414 443
210 304 726
88 404 990
106 416 175
37 190 586
369 379 823
121 180 187
200 230 896
141 392 885
74 199 294
61 190 762
191 192 188
46 258 403
53 183 966
287 333 419
231 333 349
109 340 766
213 402 713
83 248 758
162 185 294
322 333 648
65 274 986
18 212 995
149 331 854
73 253 978
99 176 302
82 375 529
157 185 706
368 403 326
30 327 544
49 207 334
133 190 152
190 361 965
79 282 688
172 185 983
234 313 413
147 278 943
63 244 163
221 233 779
133 233 325
51 365 485
295 390 715
52 157 499
172 213 663
230 365 685
68 270 723
149 233 611
59 211 796
372 380 255
123 146 888
119 361 908
60 97 534
79 236 506
134 275 480
104 386 984
170 200 772
367 384 269
171 362 608
64 74 108
176 302 371
96 311 113
215 404 309
44 231 246
118 185 539
148 169 164
154 383 402
3 400 202
53 161 102
145 256 511
174 199 310
178 355 158
347 369 320
193 260 535
65 403 290
13 189 556
181 323 907
12 275 475
45 142 799
75 372 843
143 393 146
220 373 545
52 399 741
215 219 740
55 255 192
169 269 854
168 343 741
180 369 691
44 176 526
89 412 152
84 160 754
253 323 229
33 337 356
85 242 951
189 414 963
95 180 847
140 174 410
126 401 658
52 121 282
142 221 345
116 370 683
21 325 673
67 256 792
156 407 581
91 370 469
220 392 977
31 359 863
27 106 755
69 227 167
72 250 920
160 404 680
6 334 729
89 181 647
106 414 874
93 171 349
110 159 898
65 415 556
115 138 512
352 354 787
42 96 254
111 176 137
315 335 621
67 230 838
151 244 736
30 47 896
241 396 875
44 346 196
217 414 500
209 349 563
4 246 729
51 188 197
262 345 373
6 11 658
115 160 280
53 166 591
5 140 652
109 305 185
24 389 824
32 38 380
215 412 729
164 173 102
56 153 880
157 325 504
93 278 209
158 376 927
95 144 799
96 157 267
19 95 885
100 207 552
289 310 573
127 328 152
57 157 880
27 192 846
288 318 516
125 175 210
281 322 202
11 351 343
113 370 861
8 152 808
108 202 320
95 145 227
23 67 409
257 342 636
158 401 725
36 127 397
110 235 444
140 214 396
197 285 117
20 309 671
261 407 261
141 391 598
25 154 760
201 393 463
206 297 765
62 69 679
95 334 238
146 354 183
79 417 330
328 362 149
48 74 674
224 368 260
294 343 215
357 384 384
110 360 852
57 210 739
52 270 668
16 400 473
192 379 140
17 194 421
66 69 400
3 328 242
245 381 949
57 60 782
91 135 544
117 169 340
109 406 516
156 355 832
38 90 278
337 353 286
63 358 341
149 392 246
256 267 997
129 319 293
330 374 786
19 131 576
90 241 680
83 198 427
81 315 401
385 391 571
181 334 455
239 367 224
219 362 908
103 307 1
37 390 948
109 347 175
48 407 443
330 417 503
341 377 264
99 145 504
199 348 570
44 249 891
379 405 941
33 342 430
11 108 379
248 413 609
119 182 370
117 250 539
86 388 672
251 382 596
36 67 273
53 390 448
4 250 152
101 416 355
143 167 401
71 157 937
57 63 155
57 270 603
99 252 822
126 294 821
167 384 218
181 237 165
77 127 844
343 348 509
245 266 447
139 383 609
180 228 538
102 345 634
92 310 384
52 393 593
41 153 644
113 153 575
10 95 544
24 286 612
139 418 710
286 404 497
311 408 456
138 310 438
10 194 538
111 196 745
152 210 806
100 271 413
126 367 709
174 220 565
72 311 419
30 383 632
300 368 539
115 179 890
86 280 587
162 349 914
167 198 627
106 387 825
39 173 564
70 251 400
110 204 213
280 362 630
164 313 574
125 412 163
15 101 918
83 244 318
12 379 982
322 414 480
14 300 853
18 28 137
327 349 271
153 206 1
29 194 359
137 408 746
108 318 563
44 79 492
296 367 411
3 160 896
147 416 158
44 108 586
292 327 308
134 203 407
171 295 236
59 330 747
111 132 625
87 198 853
20 272 589
272 287 564
178 284 403
275 278 975
41 256 223
198 327 614
52 318 826
171 418 612
62 153 479
117 248 937
31 104 234
126 244 733
89 359 607
229 351 920
153 244 954
236 278 196
41 55 737
167 313 659
221 290 529
16 129 740
43 276 284
143 381 239
17 166 597
260 309 368
66 244 678
134 374 539
381 389 192
195 237 547
199 347 812
160 271 242
266 286 721
48 59 306
7 257 251
39 146 783
62 103 121
148 281 624
106 382 842
253 355 406
76 254 180
90 392 617
128 163 664
58 366 211
118 150 395
16 96 469
374 397 347
19 20 407
4 107 696
70 72 283
295 330 981
54 295 159
113 227 809
264 342 188
27 304 567
249 298 947
12 398 550
101 302 982
51 207 803
169 240 310
117 329 917
83 311 204
71 297 189
144 189 973
68 120 709
5 260 619
41 364 359
56 411 277
126 275 606
173 263 608
407 410 115
173 394 835
105 135 636
139 322 584
86 233 989
199 316 271
104 124 905
107 407 592
167 337 511
62 82 628
214 399 956
221 376 250
364 387 819
192 346 549
33 37 793
155 415 762
287 313 873
212 293 135
69 254 520
297 418 434
310 379 865
16 296 195
164 231 471
2 122 256
232 242 395
210 362 366
281 412 664
213 383 923
131 399 735
186 271 487
225 410 790
325 346 425
162 313 549
112 376 508
25 387 943
164 206 728
1 207 139
153 275 881
236 238 341
90 370 543
165 168 609
162 184 612
193 331 960
146 372 912
42 190 947
149 403 923
49 206 872
113 244 508
147 392 470
48 357 250
92 157 866
182 394 240
342 415 206
152 405 904
154 280 890
119 298 455
195 328 657
156 293 680
32 48 701
271 410 939
99 275 669
100 379 409
114 302 211
29 122 721
72 85 710
9 377 809
274 299 830
104 135 586
155 212 837
153 333 710
177 230 848
149 325 671
180 381 193
98 250 501
26 139 428
226 259 456
25 66 304
14 152 923
100 382 178
196 360 349
112 320 929
292 359 620
299 408 438
7 324 602
21 238 205
292 416 891
373 402 428
206 380 283
47 324 338
231 296 865
267 413 859
110 146 271
279 335 898
119 341 381
227 383 134
78 157 210
147 152 600
247 334 991
27 127 345
20 86 860
54 206 106
216 276 490
110 286 181
122 243 661
319 373 985
101 251 234
33 382 666
71 389 659
55 283 338
88 103 195
165 379 999
69 151 882
184 399 646
140 201 671
91 102 989
346 362 816
52 339 706
162 278 651
64 185 861
112 305 791
105 108 956
285 401 250
184 338 180
201 404 359
231 323 311
220 367 721
29 66 274
186 380 386
210 273 784
67 339 265
84 101 305
9 325 788
258 387 888
95 400 407
36 102 202
238 406 220
165 339 259
154 331 793
219 259 936
193 355 338
80 264 550
334 401 332
233 353 351
101 347 532
336 410 306
154 379 186
95 374 427
68 258 282
188 401 428
58 335 279
49 395 765
136 258 944
231 374 846
60 260 719
96 141 912
19 302 520
97 137 821
93 146 610
21 41 296
171 299 853
21 271 944
12 350 357
126 292 692
96 200 775
22 169 847
31 227 752
13 312 521
3 56 648
161 322 293
38 404 340
10 57 787
9 53 509
268 293 314
16 353 491
228 386 997
152 195 946
116 336 368
107 250 150
35 105 597
190 222 592
127 376 424
215 216 389
235 410 483
186 367 282
59 157 588
38 410 580
218 236 311
136 308 279
107 204 183
149 389 558
10 370 575
104 372 603
65 106 760
9 289 749
296 407 310
12 384 990
35 348 715
286 365 139
4 349 197
383 411 601
344 412 729
133 246 607
14 87 962
52 101 808
12 186 356
273 386 296
210 392 939
66 390 998
198 232 733
17 127 477
191 318 302
178 225 566
23 46 524
296 383 241
214 311 871
13 136 765
145 400 614
154 375 492
105 293 835
222 357 253
151 176 423
162 372 334
190 227 668
103 284 486
127 142 899
75 394 712
82 209 491
311 325 813
19 414 713
244 378 460
124 323 476
83 199 841
152 169 683
156 242 436
279 304 568
56 235 772
145 373 973
148 253 408
236 363 180
106 188 368
145 322 287
329 379 293
136 236 241
58 71 382
62 92 584
98 150 891
98 322 352
141 235 795
27 227 982
227 247 787
99 181 350
16 29 289
326 399 753
13 221 109
238 330 279
238 293 282
17 358 413
139 319 429
167 200 914
61 245 862
356 406 324
57 146 992
33 90 796
129 355 560
160 196 217
258 391 139
24 251 377
336 405 264
145 262 976
69 174 663
253 285 174
112 263 932
203 300 515
170 328 281
173 187 537
272 292 123
25 99 625
13 355 996
281
90
65
166
86
115
229
220
225
267
349
279
107
224
185
111
48
113
101
245
130
201
182
110
348
6
63
151
198
152
312
200
71
306
122
97
360
411
123
159
351
79
298
402
352
257
28
87
320
11
154
350
377
216
199
190
143
308
193
184
93
