27 3951
ADD 2 L
86 13 142 13.4
ADD 1 R
195 15
ADD 19 R
156 7 26 7.8 105 2 135 10.8 73 7 168 19 189 0.8 172 12 49 8.6 129 9.9 190 1.7 1 5 125 4 184 12 71 8.8 172 12 152 17 15 3 53 14
ADD 5 R
81 1.6 149 6 75 18 56 15 114 16
ADD 16 R
38 9 170 10 101 19.7 108 13.8 98 9.9 184 0.9 113 15 184 10.7 68 3 158 0.4 169 3.5 90 10.2 129 17 153 17 88 10 127 10
ADD 7 R
41 6.7 2 2.0 121 10.8 27 6.7 16 15 86 12 61 18
ADD 16 L
25 6.8 194 0.4 66 18 177 13 26 0.4 144 14 187 9.9 49 15 20 16.2 195 2 172 12.3 10 3 53 7.0 15 2.7 54 18 151 14.3
ADD 11 L
76 10.9 38 3.3 106 13.9 155 12 116 4.2 78 10 200 5 71 4 77 12 44 15 6 11.1
ADD 7 R
182 15.5 163 7.6 44 8 142 15 174 9 146 18 32 5
ADD 11 L
126 18.9 109 4 43 15 33 1 133 3 46 9 68 10.1 171 14 116 14.6 14 17 137 12
ADD 15 L
33 13.2 90 3 1 4 185 17.4 55 13.4 35 10 45 8.4 51 14.7 122 13.8 71 1 51 0.5 112 5.3 174 1.9 66 4 133 7
ADD 5 L
119 14.7 89 5.8 101 6 112 15.9 106 8.1
ADD 1 R
74 15.9
ADD 1 L
53 0.5
ADD 15 R
88 14 90 6 197 9 158 15 93 18 148 0.5 72 8 27 0.4 71 3.2 138 8 63 7.5 191 13 82 9 9 12 117 9
ADD 8 L
164 3 7 4 101 19 1 17 46 18 105 12 103 9 118 12
ADD 3 L
160 5.3 183 14 131 8
ADD 9 L
10 3 95 0.5 167 3.6 77 8.4 25 13 26 11.5 125 18 16 4 200 7.3
ADD 13 R
135 7 59 14.3 112 14 89 4 50 4 155 6.8 129 2 11 7.7 121 11.6 97 13 42 13.7 183 0.6 189 18
ADD 9 L
17 10 190 11.6 74 13 63 3.4 144 2.9 24 15 127 14.6 24 6.4 29 17.8
ADD 15 L
185 8 44 5.9 163 2.6 81 12 134 0 146 4.1 69 15.1 38 10.8 17 3.8 131 9.9 181 19 52 17.6 136 18.0 43 18 138 14.1
ADD 17 R
83 16.0 13 7 57 11 30 1.8 157 18 54 13.5 153 18 182 16.8 22 2 58 12 24 16 178 10.5 66 6 1 7.2 86 10 39 9.2 81 9.6
ADD 2 L
43 16 102 18
ADD 15 R
119 3.5 25 12.2 69 11.3 58 9.8 104 4 162 11 108 13.2 15 8 166 13.8 108 19.6 3 4 193 1.2 194 6.5 15 3.4 178 8.8
ADD 14 R
26 8 98 0 194 4.9 129 3.8 94 13 139 13 135 19.7 96 7 186 1 128 10 47 16.9 58 2.2 195 19.4 21 13
ADD 9 R
2 18 67 2.0 33 19 16 1.6 138 14.6 9 18 111 11 44 10 16 18
ADD 15 L
107 16.8 173 16 36 3.2 12 6 75 16 34 15 122 18.4 121 9.1 55 15.9 172 11.8 168 8 182 2.7 159 9.8 6 5 160 16
