13 6244
ADD 15 L
12 18.6 2 17.8 162 14.7 114 19 141 17 96 3.9 91 18.5 67 10.9 157 8.9 111 18 68 3.9 169 12.6 87 5 58 15 96 11
ADD 9 R
129 16.2 23 17 84 2.4 132 0 28 15 66 15 27 14.1 102 5.5 124 14.3
ADD 5 R
58 15.2 76 7 156 14.9 19 1.2 44 12
ADD 6 R
66 11 26 16.9 121 2.6 81 17 164 14 190 14.6
ADD 16 L
99 12 76 15.3 45 18.0 185 0.2 73 19.5 174 10.6 152 3 29 14.9 63 18.5 100 14 116 16 66 17 41 5 131 2 127 2.4 167 4.3
ADD 17 L
118 12.2 81 17 163 11.5 118 10 137 12 145 4.9 194 11 15 10.7 26 8 120 1 11 7 51 8 61 6 188 15 54 18.6 133 16 173 16
ADD 19 R
68 9 186 7.6 145 2 114 0.9 189 18.4 83 10 48 17.2 103 10 179 7 157 6.5 118 15 22 19 112 19 2 5 188 18 60 5.5 104 6 26 18 85 1
ADD 8 L
148 11 10 7.7 16 7 192 0.2 75 7.5 125 14 71 1 108 9.5
ADD 9 R
199 7 151 16.0 59 18.9 162 12 133 4.4 80 11 198 17 137 2 117 4
ADD 6 L
140 12.6 42 10.7 44 10.7 102 13.2 86 0 29 11
ADD 6 R
109 4 131 19.0 130 7 155 17.4 131 4.2 180 7.7
ADD 1 R
63 13.7
ADD 1 L
91 11.5
