8 2588
ADD 13 L
136 3 15 11.7 149 0.4 199 3 14 4 91 3.2 84 9 113 8.3 121 10.3 154 16 141 4 59 16 63 5
ADD 7 L
8 7.9 64 16.2 167 13 31 16 115 13.9 5 1 127 6
ADD 19 R
120 5 187 17.7 156 16.4 154 12 159 11.1 191 9 149 19.1 37 1.5 143 6.2 19 17 148 10 7 3 108 12.9 148 20.0 101 3 58 10 2 2.8 92 11.3 100 9
ADD 5 L
106 18 175 6 181 17.0 158 1.9 69 9.6
ADD 12 R
31 4 140 3.7 45 17 102 9.3 186 2 115 15 200 19 105 20.0 85 10 72 17 100 9 154 0
ADD 1 L
161 12
ADD 16 R
56 13 146 5 62 14.7 109 2.2 42 13.2 133 1.8 54 9 67 3 188 16.8 49 5.8 195 18 44 6 110 15 68 17 85 7 89 9
ADD 3 R
78 16.7 198 13 41 4.6
