91 6278
ADD 9 R
9 19.3 23 4 16 8.6 184 4.2 156 11 175 13.7 50 18.9 199 18 32 11
ADD 10 L
127 6 124 0 116 5 17 7.5 149 3 15 15 141 10 145 2 15 15 75 16.5
ADD 15 L
179 19 18 9 136 2 82 13.4 72 11 179 11 150 19.8 197 10.4 80 9 104 8 160 18 11 3.2 26 15 34 15 69 19.5
ADD 10 R
171 0.9 124 10 93 9.8 17 10.9 30 2.4 163 5.9 170 18 7 7.2 66 12.4 93 7
ADD 12 L
13 0.1 200 17 136 3 83 15.3 61 4 45 4.8 65 6 170 7.7 49 16.2 127 11 158 6 45 1
ADD 9 L
136 0.3 182 19 133 9.5 151 7.4 25 4 79 1 102 19 169 19 192 15.6
ADD 17 L
145 3 9 18.9 34 11 50 8 96 10.7 186 10 27 4 159 6 97 8 159 8.4 157 19 36 12.4 194 13 17 2.9 34 1 196 15.8 160 19
ADD 19 L
142 18.6 16 4 67 13 116 1.4 100 14.3 78 12 49 8 189 7 150 18.4 3 14.6 114 0.6 63 17 167 17.6 4 8.8 110 11.5 162 2.8 102 8 12 6.5 69 9
ADD 17 L
77 12 90 19.7 68 16.6 154 11.8 69 16 148 15.3 157 15 144 15 65 15.4 136 0.4 163 13.2 173 13.7 128 11 174 18.7 169 2 66 16.2 61 8.9
ADD 15 R
74 18.2 36 11 41 12.8 125 2.1 178 0.2 85 5.5 19 1.2 161 4 41 3 146 9 115 2 168 14 30 1 34 13 193 11.4
ADD 1 L
182 8.5
ADD 1 R
15 15.3
ADD 16 L
173 6.8 114 19 35 12 33 7 22 7.6 160 15.7 197 15.4 100 8.3 191 19 1 8 128 11 198 4 81 12.2 105 5.7 122 1 140 14.1
ADD 5 L
108 16.9 72 13 70 14 135 7 86 12
ADD 11 R
147 18.0 162 19 118 13 29 18 42 6.7 119 4.7 88 11 53 12 196 4 129 16 15 19.3
ADD 11 L
16 3 141 11 18 13 138 11 191 8 155 3.5 178 13.2 67 6.4 155 5 145 19 46 6.1
ADD 14 R
165 18.8 84 10.4 70 3.8 168 14 1 9 162 5.5 49 19.0 79 0.1 86 2.5 10 9 46 14.2 87 5 112 4.9 36 4
ADD 8 R
185 12 21 0.5 70 13.2 196 7 86 4 1 1 26 5 7 16
ADD 3 R
69 4 70 8.5 49 9
ADD 14 R
113 11 155 8.9 5 6.2 82 3.4 110 6.2 7 6.2 37 15 183 12.0 113 2.9 149 8 42 0 14 3 184 2 8 10
ADD 8 L
106 7 126 2.4 138 18.8 157 12 44 11 68 5 41 0.7 55 16
ADD 18 L
40 15 93 17 183 16 5 6 66 19 77 3.8 87 7 86 12 9 10 100 11.4 142 6 55 7 9 15.5 173 15 157 4 151 13 137 11 134 11.4
ADD 19 L
143 0.8 144 16 187 15 88 3 144 0.7 124 1.8 81 16 26 11 7 0.3 200 6 136 7.1 3 14.8 129 1 100 16 79 6 124 12.5 29 8.5 17 3 15 16
ADD 17 L
87 6 114 8 108 18 140 15 53 1.3 71 16.6 185 11.7 89 12.5 28 20.0 48 17.8 127 11 173 12 182 11 184 15.2 99 2.6 54 1.5 67 10.4
ADD 10 R
161 2 161 19.9 109 16 113 7 133 15.3 93 17.3 166 4.1 151 4 80 15 98 18.4
ADD 11 R
119 12 28 13 68 1 46 10 25 3.4 123 17 87 16 35 7 184 7 149 1 44 3.3
ADD 17 L
180 11.2 136 17.0 164 5 97 3 30 4.6 69 2 51 16.2 175 7.5 32 14.2 183 9.6 136 10.1 163 3.3 13 6 51 3 130 10 149 16 174 13
ADD 11 R
63 9 120 15 155 12 161 18 192 12.3 138 19 120 17.5 23 3 99 5 200 6 140 10
ADD 2 R
153 1.2 125 17.9
ADD 13 L
19 11 125 8 35 6.5 61 10 113 5.2 68 17.6 54 12.5 93 14.7 90 13.4 27 18.6 2 3.8 46 2 168 8.0
ADD 18 R
18 2 11 11 146 6 103 11.9 28 9 26 8.8 52 18.3 123 18.6 67 1 23 16.2 94 12 179 12 55 16 60 4.3 77 8 128 15.2 192 4.5 161 15
ADD 3 L
47 15.2 129 17 29 1
ADD 18 R
32 0.9 82 19 13 12 156 18.6 170 6.6 194 10.8 79 13 65 0 161 11 10 12 146 15.6 2 3 108 15 129 14 71 1 84 3 70 4 164 6
ADD 18 R
50 13 21 7.5 183 8.0 145 7.8 189 8 93 2 156 4.6 177 11 186 17.0 105 9 18 7.4 54 19 154 5.5 91 2 107 2.7 29 15.2 183 16.1 194 3
ADD 17 L
171 6 43 3 15 10 31 6 58 4 130 19.2 129 14 134 3 20 18 6 4 27 11 155 7 88 15 118 2.8 24 14 28 2.7 156 15
ADD 20 R
141 10 77 2 193 18 54 13 101 3 182 2 121 17 39 19 65 17.9 63 16.7 151 11.5 163 14.6 48 16 200 3.0 66 5 41 17 15 3.2 192 16.6 112 18 29 7
ADD 6 R
147 13 9 9 153 10 82 4.4 100 12.8 192 17.9
ADD 10 R
194 0.7 155 1.2 117 15.7 139 15.4 159 4 163 5.6 36 14 31 18 143 19.0 42 13.7
ADD 6 R
181 16 45 11 102 17.6 163 1.1 156 2.7 138 1
ADD 12 R
68 12.9 120 1 190 18.5 197 0 38 13.9 135 18 71 4 85 19 97 12 39 9.5 159 4 118 17
ADD 20 R
126 17.7 116 3.4 193 18.0 188 0.6 166 12 77 15.4 99 10.9 35 11 176 13.3 81 6 95 7 131 16 135 1.3 74 5 172 2.3 46 8.0 26 3 189 4 192 18.9 148 6.3
ADD 14 L
149 14.5 150 19.9 4 3 150 10 10 2.3 50 5 78 2.4 192 0.4 157 2.2 53 12.6 68 18 191 2.4 69 1.2 16 0.5
ADD 15 R
138 18.5 20 1 26 13 66 3 24 18 188 17.2 123 3.6 24 11.8 193 2.7 70 19.4 137 9.8 80 12.3 152 5.7 108 14 1 4
ADD 5 L
177 16 120 8 196 19.2 107 19 102 11
ADD 12 L
169 15.5 146 4 84 19 124 16 126 15.7 183 12 22 12 32 5 126 10 91 1.4 26 6 125 0.7
ADD 4 L
84 5 53 9 50 18 177 15.2
ADD 4 R
113 7.7 11 19.8 127 4 166 2
ADD 20 L
2 2 16 18 87 11 70 19 183 6 116 4.1 64 7.5 174 18 161 12 46 2.1 138 1 162 8 116 7 85 6.8 91 15 43 0.4 59 13 91 7 197 8.2 126 13
ADD 17 R
148 4 110 0.6 192 17.7 86 0.3 41 3.2 72 1.7 189 9.5 75 14 153 6 71 19 195 4.8 27 0.7 1 14 101 18 12 6 102 4 196 4
ADD 7 L
51 15.6 191 11.8 53 14.8 6 16 195 13.4 167 7.8 122 12
ADD 10 R
29 6.2 179 14 74 0.6 89 9.9 76 18 63 6.0 18 14.6 28 11.3 194 7 92 4.7
ADD 8 R
32 16.7 86 11 63 18 64 2.7 49 12.7 34 0.9 128 13 167 5.8
ADD 6 R
169 17 53 1 21 0.1 117 6 26 15 64 2.2
ADD 8 R
133 9 132 13.1 192 19.9 42 2 108 19.6 150 12 146 11.5 95 10
ADD 8 R
141 19.2 25 5 168 4.4 45 3 4 4 159 11 32 8 41 7
ADD 5 L
138 9.8 25 17.9 199 0.8 109 17 5 7
ADD 16 L
67 8 127 3.1 153 14 7 7 149 8 47 2 200 15.8 62 9.2 38 16 21 1 87 12.9 49 11 148 5 96 6 184 19.9 191 12
ADD 17 R
55 15 120 9 155 12 160 19 50 14 40 12.6 17 0.2 192 12.5 199 6.0 149 12.3 142 13 30 15 166 1.2 193 2 56 14.7 26 3.2 111 0.4
ADD 10 L
102 10 184 11 16 19.0 58 18.3 139 9.3 116 7 177 18 57 2 183 18.9 19 16.3
ADD 4 L
109 8 171 6 122 2 12 10
ADD 2 R
123 15 38 6.8
ADD 13 L
50 14 5 2 120 6.5 50 4 23 13.8 125 8 135 9 116 14 83 15.9 14 14.3 192 2 19 9.7 44 18
ADD 8 R
9 15 119 15 132 19 34 18 101 14 167 19 60 17 90 16.7
ADD 10 L
184 16.5 181 17.2 81 15 46 3.5 44 8 194 10.9 62 1 104 11.5 37 0.4 27 11
ADD 3 R
153 10 163 18 136 18.2
ADD 13 R
61 0.5 166 12 115 4 139 4 53 0.4 48 7.3 126 8 2 19 181 18 64 16.3 142 3 1 15.0 194 5.2
ADD 2 L
21 19.3 110 2.3
ADD 20 L
13 4 14 1 146 15.8 15 17.7 1 0.2 116 15.6 109 1.6 83 9 57 8 115 19.2 10 5.6 171 12 150 7 43 17 76 10 188 8.5 31 19 191 12.7 175 9.1 11 13
ADD 13 L
176 16 133 17 138 6 62 17 29 18 176 5.7 133 3 48 17 117 7 145 4.4 74 12 193 8.3 171 18.7
ADD 14 L
149 10.9 171 9 129 14 68 3.6 89 17.0 84 11 79 11 179 1.8 179 8.0 96 13.7 79 9 37 15.6 89 18.9 103 1.1
ADD 17 L
79 19.7 115 15.7 26 15.7 125 9 179 13.9 26 9 80 15.9 132 9 103 6.2 41 8 59 5.8 190 10 133 9.5 7 8 148 2.1 23 14.6 184 15.9
ADD 5 R
40 19.9 172 4 75 12 25 10 192 18.5
ADD 4 R
163 1 52 15.4 168 15 132 3.9
ADD 16 R
34 2.7 186 8 152 18.0 122 7.8 24 8 130 12 54 10 191 7 178 9.6 81 1 32 18.8 144 3 32 5.4 158 17 23 11 124 14.5
ADD 9 R
144 13 158 10.3 184 9 161 18 181 7.3 64 12 27 2 109 2 2 14.2
ADD 3 L
122 0.8 11 14 189 0.9
ADD 1 L
89 4
ADD 16 L
123 2.1 101 10 179 6 118 13 50 10 136 6.7 183 6 118 12.5 136 2.5 122 1 22 4 152 12.3 114 6.6 42 3 183 8 199 2
ADD 20 L
15 20.0 108 18.9 136 13 172 0.9 193 12.4 156 7 186 13.4 119 5 5 11 173 9.1 95 10 65 8.2 20 3.6 166 15 44 8 149 7 23 9 54 13 16 15 15 3.3
ADD 16 R
101 11 66 17.9 128 17.7 39 2.2 67 14 164 4.7 196 9 159 15.1 111 7.4 182 6.5 88 1.0 123 15 106 7.1 164 12 64 7.1 128 18.8
ADD 19 L
76 12.6 144 3.0 155 2 156 8 156 9.3 76 10.7 88 3.3 154 14 50 12 19 1 103 2.3 108 2 137 15.8 90 8 176 13 137 13 127 1.2 10 8 160 4
ADD 4 L
170 4.7 161 14.9 109 17.5 135 6
ADD 20 R
46 8 4 17 183 18 2 11 121 17.2 180 7.6 74 11 53 4 184 5 83 1 47 4 139 16 181 16.9 88 11.5 190 4.7 133 14 113 18 103 11 156 14.7 158 18.4
ADD 4 L
31 6 128 15.9 11 16.8 18 4
ADD 16 L
61 9.2 120 12.9 160 4 153 4.9 65 8.8 105 14.3 155 9 41 3 88 0.3 117 9.9 134 13 49 13 8 13 142 13.2 186 8.6 190 16.7
ADD 5 R
114 15.9 29 3.7 107 17 121 6 186 11
ADD 2 R
158 10 115 0.2
ADD 1 R
95 2.9
ADD 16 R
122 12.6 99 9 98 2 179 4.4 143 6 125 9 2 9 95 18 159 19 158 18 35 0.6 68 5.7 125 7.5 87 17 24 2.6 158 5
ADD 2 L
105 19 155 6
ADD 18 R
37 4.7 79 12.4 140 4 35 19 128 15.5 46 15 38 2.4 110 15 26 16 78 5 97 15.6 166 19.3 81 8.0 155 5 94 15.4 21 5 129 14.8 48 14
