26 8513
ADD 1 R
181 3
ADD 17 L
98 9 67 7 122 3 196 8.3 60 16 90 16 12 6 156 8 9 15.3 2 1.9 185 12 74 8 39 18 172 0.8 189 6 73 15 167 7
ADD 4 R
16 7.3 166 10.3 187 5 188 2
ADD 15 L
188 13.0 40 17 190 18.8 77 0 51 4 150 12.3 142 9.1 79 6.4 20 9.5 156 7 90 7.4 106 12.4 51 3 95 16 153 2.2
ADD 20 L
45 12.5 122 9.5 134 5.5 140 18 87 3 24 4 2 2 68 11.6 48 19.8 121 4 180 13 136 2 21 14.3 134 14 165 12 186 4 35 8.6 3 5.6 191 4.5 72 17
ADD 6 L
85 0.5 194 13 123 10 73 16 198 16.5 168 1.7
ADD 18 R
113 16 116 3.0 193 4.0 28 12 112 16 178 3 36 17.3 113 12.1 183 16.9 24 5.2 64 9 150 15 115 6 70 3 91 18 156 3 39 18 127 13
ADD 15 R
138 16.7 185 6 132 7.0 185 5 22 2.3 7 7 127 10.9 95 0 147 15 157 8 149 0.9 38 9.3 71 10 132 12 53 10
ADD 6 R
59 16 155 2.6 156 18.9 100 6.2 104 12 106 14.2
ADD 13 R
136 6 147 7 26 13.1 37 19 94 6 96 9.6 168 3.5 15 3.1 80 4.7 145 14.9 155 4.7 163 18 176 12
ADD 12 L
189 19 110 3 61 13 24 13 189 5 33 19 79 7.3 198 11 52 3.3 77 17 114 16 94 15.2
ADD 16 L
56 7 39 9 36 10 117 5 136 5 69 6.5 120 13.4 93 3 73 12.8 69 18.2 19 4.2 26 7 167 4 76 12.4 196 18 52 4.0
ADD 20 R
104 15 135 3 63 16.5 31 17 141 16 32 2.6 106 3 91 14 79 13 134 11 106 11 195 14.7 194 12 152 13.9 156 11 70 14 40 1 63 7.5 160 8.0 104 16
ADD 19 L
188 11 14 2 46 11 80 5.0 194 9.6 62 7.1 134 15.3 5 3 131 8.6 105 8.7 162 3.0 163 3 112 18.8 152 16 179 14 192 9.5 150 5 121 2 90 10.5
ADD 10 R
102 0.6 136 3 164 14.3 195 19 121 4.8 117 13.9 34 18.4 15 14 47 2 188 4.4
ADD 13 R
126 18.6 190 8 52 14 171 15.4 156 18.3 131 19.8 114 10.8 119 7 18 13 70 4 88 10.3 55 1 79 13
ADD 10 L
46 10 73 14.2 4 11.7 61 17.2 133 18.7 168 13.7 92 19 56 4.5 18 0.7 57 15.2
ADD 2 R
96 15 37 18.3
ADD 20 R
17 3 11 0.9 181 18.4 113 3 192 6.8 144 9.3 25 1 33 15 188 0.5 99 16.3 72 4 44 10 35 19 4 0.7 110 18.4 143 7 136 14 20 17 152 15.1 4 3.3
ADD 3 L
161 14 83 2.2 106 12
ADD 1 R
196 4.0
ADD 12 L
95 20.0 191 4.9 77 0.8 50 12.7 134 19 22 3.3 66 7.5 183 2 31 16 29 5.1 133 1 182 9.2
ADD 19 L
60 8.1 113 12.5 119 15 200 15 189 14.2 33 13.2 28 9.6 189 3 196 15.4 159 3.4 68 9 10 5.5 145 19.5 61 5.0 149 4.6 79 15 86 4.9 155 14 71 6
ADD 11 L
132 19.6 102 4.6 50 1 174 7 189 19.5 30 0.7 14 15.0 16 2.8 126 2.5 35 11.4 91 0.9
ADD 15 R
182 19 55 14 72 16.5 185 19.6 96 2 95 8 24 18.6 93 15 176 10.6 43 5 139 5 54 16 23 15 167 15.5 87 15
ADD 2 L
10 7.9 144 14.6
