55 2873
ADD 17 L
105 10.2 48 9.5 76 19.4 72 17 187 12 178 17.8 42 9.2 53 3 79 13 33 2 37 16.8 38 0.8 31 7 126 5 65 17.4 114 3.9 106 5.0
ADD 10 R
98 12 46 8 155 15.6 121 11 41 10 140 9.3 13 0.9 6 4.6 172 10 18 17
ADD 5 L
124 2 170 11 136 16.5 161 6 44 15
ADD 14 R
110 0.5 91 13 31 19.7 47 19 45 8.3 78 19 153 14 115 1.7 115 6.0 114 1.8 165 18.0 33 1 74 3 149 5
ADD 8 R
51 10 107 14.0 175 5.5 45 3 151 14 20 10.7 16 11 85 0.1
ADD 12 L
178 3 23 15 85 10.6 177 17.4 32 10.8 53 13.8 95 19 150 2 62 18 83 19.9 114 13.0 109 1.8
ADD 8 R
61 1 31 6.9 38 11 20 7 49 16 68 1 164 8.4 62 9
ADD 17 L
89 0.2 29 12 155 2 148 18.5 49 2.8 28 10 131 2 176 6.8 67 13 104 5.1 179 19 108 15 49 1.5 92 2.3 194 15 114 0.5 61 19
ADD 4 L
58 14 193 8 21 13.6 127 9.9
ADD 5 L
85 1 197 17.9 25 19.2 155 11 174 3
ADD 7 L
83 19.5 73 16.4 168 15 85 10 81 9 16 0.4 28 11
ADD 6 R
177 12.7 156 0 137 9 30 8 68 19 85 19
ADD 1 R
125 6.8
ADD 20 R
45 1.4 142 5 98 7 59 4 106 3.9 148 5.9 126 10 162 12 118 7 170 7.9 73 8 175 2.3 11 18 142 7.9 103 14 173 13 193 18 129 16 74 6 60 12.8
ADD 14 R
65 12 123 7 38 8.4 4 17 193 10.0 94 11.2 182 1 54 1.7 176 12.0 196 7.2 34 4.9 122 8 39 1.6 80 14.2
ADD 9 L
11 18 12 2 113 13 174 1.8 66 15 168 9.9 168 12.5 74 17.5 106 6
ADD 8 L
128 3.8 85 5.5 182 7 173 11 88 14 48 2.9 129 18.4 121 3.7
ADD 20 R
71 3 167 2.9 167 1.1 25 2 159 15.1 11 8.9 70 17 27 9 113 19.8 24 14.9 102 3 68 8.3 65 3.5 137 19 183 1 88 5.4 65 9 161 5.0 77 15 129 0.9
ADD 12 R
44 4 93 8 135 2.9 156 12.1 130 1.8 178 2 162 17 131 15.8 60 1 99 10.9 98 5.7 140 11
ADD 14 R
101 18 13 11.7 95 16 134 0.2 109 10 182 2 76 4 32 11.4 51 5 8 5.6 173 13 21 0.4 81 16 92 9.4
ADD 19 L
121 19.3 30 2.2 72 3 107 0.7 198 8 154 16 77 18 103 16 69 18 120 15 105 4.3 97 1 22 18 66 6 49 13.6 117 2.2 7 0.2 33 10 64 5.7
ADD 11 R
190 18.1 189 16.8 51 4 152 17.3 135 6.3 154 10.6 36 11 100 13.5 119 4 174 2 13 16
ADD 5 L
39 17 117 16 8 12.7 158 5.5 179 5.9
ADD 2 L
130 19.9 124 8.4
ADD 12 R
63 18 166 5.3 73 7.2 40 2.3 178 16 156 0.9 147 6 175 10.7 31 6 124 1.3 103 3.9 120 16.1
ADD 10 L
200 1.2 140 18.9 149 8.5 53 11 4 11.6 189 3 108 11 114 3.5 20 7 117 1.7
ADD 13 L
162 17 56 13.5 61 19.5 7 0.8 200 6.9 172 19 82 11 28 9.7 127 7 8 13.6 192 5 11 2 90 0.5
ADD 16 R
84 16 147 15 142 18 161 13 125 16 144 9 78 17.9 104 15.3 62 10 1 6 120 11.2 186 12.8 150 5 151 12.5 146 4.6 151 0.4
ADD 16 R
69 19.9 180 19 131 14 48 19 64 18.7 96 18.6 28 15 75 15 185 3 129 2 180 16.8 42 4.4 30 13 111 3 18 16.4 80 15.3
ADD 10 L
142 12.6 98 18 148 13 66 1 146 15 95 14 163 10.6 51 1 81 9 19 16
ADD 17 R
182 11.9 180 5.7 45 1 126 5 184 13.2 107 20.0 119 2.4 57 1 154 13.8 44 8.6 141 19.4 200 17.3 30 16 127 11.3 122 8 77 0 7 18
ADD 16 R
104 8 127 19.4 196 13.8 89 4 120 7 173 19.4 169 2.5 186 7.7 88 1.2 95 8 188 17 136 15.4 43 13.9 68 1 160 16 183 16.3
ADD 7 R
176 10 140 1 133 12.6 31 13 36 19.6 145 15 52 7
ADD 5 R
134 1 158 3 191 9.8 61 0.3 122 4
ADD 9 R
177 2 150 13.2 137 15 142 6 24 19.2 148 7 19 2 171 1.7 79 4.6
ADD 20 R
14 0.8 194 6 120 0 178 17 131 4 17 16.0 50 10 60 14.7 91 6.6 3 9 100 0 58 11.1 38 4 143 4.9 87 3.3 2 11 143 0.5 176 18 155 19.8 37 3
ADD 11 R
27 5 25 1 179 1 68 10 129 1 34 5 189 6.7 156 5.2 146 11 188 18.8 130 3.9
ADD 19 L
35 2 9 0.3 57 4.2 191 19 185 7 113 18 120 2 159 10.8 63 13 171 8 65 1 118 17 196 1.2 62 17 117 1.3 34 14.4 134 15 100 11 154 16
ADD 13 L
12 10.9 66 10.6 115 17.5 31 15.0 113 4 43 9.8 83 9 133 11.4 17 17.5 199 14.2 51 17 185 0.4 156 4
ADD 17 L
4 14 110 10 72 11 137 1 151 12.8 64 10.3 133 12 33 7 2 2.5 106 8.0 71 19 172 12.8 122 3 138 4.2 164 16 161 9 144 10
ADD 4 R
16 15 75 4 25 15.2 187 10
ADD 14 R
130 1.8 35 3.3 2 17.0 24 4.7 31 10 99 1 84 15.2 8 12.8 137 5 150 16.6 75 5.5 11 11 122 13.2 56 9
ADD 2 R
14 14.6 71 14
ADD 12 R
83 5.6 52 14 33 17 95 2 98 7 43 17.9 161 19.6 162 0.7 178 18 122 0.3 75 2 53 10.5
ADD 6 R
104 18.5 99 6.6 155 10 124 6 184 1.8 12 19.9
ADD 14 R
105 0.4 34 10.2 67 9 137 13.7 103 6 26 11.1 101 12.3 196 2.8 126 12.4 61 6.5 9 5.6 43 13.6 161 1 32 16.2
ADD 17 L
104 0.6 120 7.4 119 14 183 14.9 139 10.8 2 2 151 14 194 0.8 174 6.3 47 3.4 68 0.8 172 6 145 14.1 67 16 102 1.0 54 0.9 114 4
ADD 14 L
44 16.8 57 4.5 63 18.7 194 1.4 174 18.2 111 8.2 143 2 46 3.4 14 10 162 2 49 3.6 143 4 19 18 17 5.2
ADD 16 L
152 2 25 1.6 161 16.3 113 5.5 80 2 92 0.9 101 13.7 170 0.5 136 12 5 1.2 32 9.3 138 14 52 13 165 15.7 31 15 139 16.7
ADD 3 L
176 6.8 73 8 152 17.4
ADD 16 L
99 17 12 5.4 98 3 129 4 66 5.5 191 1 83 6.8 53 14.7 1 15.5 93 10.5 95 0.8 18 8.8 101 6.7 22 8 84 7.8 163 12.7
ADD 13 L
23 8.6 91 0 13 5.4 153 5.0 165 5 20 13.5 184 6 56 5.7 2 6 37 14.6 199 1.9 65 16.9 119 15.2
ADD 2 R
118 11.4 176 17.0
ADD 8 L
51 11 20 17 140 12 138 15 94 13.5 61 3 5 11.4 136 3.6
ADD 9 R
151 12.4 144 9.7 172 1 198 0.9 157 9.4 17 7.5 92 14 47 14 86 14
