4 67
aiHh 1
974 1574
OxqPIaPFHjvm 4
140 859
324 903
482 592
720 1786
vGsbNDOZ 64
32 966
586 803
307 619
115 508
342 894
84 1593
362 1858
677 830
673 1162
280 1957
617 1181
154 1162
737 1302
96 606
332 440
385 508
474 1615
19 1014
30 1785
652 1607
700 1935
564 695
646 648
933 1288
59 852
196 917
19 121
508 1404
405 1439
873 1364
697 1957
574 1447
63 1232
716 1521
727 1597
628 1930
173 506
810 1268
961 1644
255 867
400 1124
172 1577
573 1352
862 1685
420 1811
655 1920
566 855
964 1743
166 1911
697 878
595 807
199 1447
314 706
144 1617
892 1205
551 925
54 1289
122 854
842 1559
901 1075
581 620
985 1590
548 1862
546 1470
uhwioauI 99
398 1303
442 1287
747 1766
333 870
637 1967
156 1179
134 265
411 1746
736 1200
399 1834
298 1982
120 757
992 1404
50 393
891 1976
365 520
916 1530
152 1538
945 1656
94 354
600 1875
349 357
492 1407
21 382
146 884
135 560
71 406
360 1254
401 1706
984 1050
340 1693
479 1685
452 566
539 1472
248 936
200 1247
9 137
383 1844
839 1069
934 1965
85 1880
280 1163
634 714
240 1376
689 767
409 937
584 1021
425 1099
867 1782
418 1872
862 978
115 905
568 1044
384 436
278 1492
915 1552
869 984
127 1656
849 1505
299 463
628 1424
757 1909
606 1019
298 1303
441 1312
459 1394
979 1723
138 1094
906 1635
89 1612
197 1070
835 1895
579 605
285 1550
925 1882
353 1869
801 1527
246 913
848 1083
450 1257
317 1781
341 750
507 756
625 1806
608 860
265 682
317 463
966 990
349 1946
970 1911
906 1235
150 1985
59 799
630 1562
429 527
632 1910
539 1582
690 1977
668 823
