1 516
XmhtrAd 92
901 1047
234 1118
851 1286
622 1070
662 1029
855 1407
891 1325
917 1641
760 1227
528 906
212 1806
951 1509
765 1625
284 1920
795 821
831 1139
855 1289
283 823
31 783
96 606
961 1450
491 655
326 1955
510 1750
585 1330
383 893
988 1177
128 1872
264 1429
117 668
698 1261
153 1192
966 1131
328 1608
338 1264
694 1464
59 637
992 1515
448 1867
769 787
680 1828
89 869
385 1547
233 365
632 1249
529 821
372 1124
820 1631
503 1385
284 1893
297 1691
396 782
590 1361
460 661
187 1565
644 1851
937 1231
490 703
10 754
288 1422
598 1163
578 766
220 1262
570 1369
126 1083
19 1585
234 684
308 983
58 586
361 418
678 1952
78 891
30 1151
324 1696
949 1834
721 1107
834 1361
556 668
537 1356
465 1128
283 1095
44 951
180 765
705 1398
507 1072
902 1845
181 1120
748 1970
374 379
401 1130
923 1299
838 1815
