2 183
p 37
24 450
989 1148
813 1924
620 802
114 1989
991 1188
856 1355
857 1861
747 1649
756 912
768 1265
727 1627
477 1931
394 1766
151 611
291 1476
502 1488
576 1138
792 1103
77 1931
904 1799
318 649
289 814
913 1781
775 1907
82 366
126 1023
448 1183
569 1897
621 980
585 1527
901 1797
221 275
444 1552
349 433
600 1833
514 1079
TpSTTk 45
702 746
591 1129
184 368
151 1874
222 573
369 622
113 1570
898 1860
608 1769
794 1140
6 1018
296 1699
267 1485
148 1322
947 1526
966 1349
882 1607
105 1850
4 942
785 1490
801 1944
906 1318
983 1589
199 837
49 792
711 1000
173 265
876 970
773 1237
346 693
4 1039
166 1731
463 1615
987 1143
424 785
323 1275
645 861
724 1020
44 298
280 1664
969 1661
722 1679
374 1620
150 1061
97 1136
