4 492
wWABNDXqYXsXAS 41
184 909
699 1332
598 1193
740 1602
643 1157
440 1945
348 448
464 1444
959 1127
614 1729
173 1869
465 968
389 1097
592 972
53 932
752 1757
646 1412
407 983
566 1510
116 1667
84 486
845 1037
847 1557
124 1212
470 560
354 898
627 1033
326 1750
835 1287
582 1835
8 838
415 1563
168 1743
845 1479
927 1772
710 1807
145 1755
835 1695
203 1731
749 1788
408 1543
NlD 99
860 1502
957 1196
978 1909
586 719
125 1065
676 1570
965 1140
465 549
322 1345
476 859
526 1030
275 858
178 1842
949 1882
384 1348
489 1409
15 1822
947 1428
535 539
199 854
410 1315
121 597
703 891
526 1102
485 672
145 1669
896 1727
621 1524
640 1264
937 1043
124 960
746 1995
732 1413
887 1416
525 1987
377 1796
10 961
841 1043
608 1090
57 1565
705 1859
692 1302
982 1993
136 814
768 1906
963 1865
196 855
668 794
578 1120
994 1566
654 1589
541 970
72 695
786 1360
388 922
740 1360
446 1152
147 1969
751 1204
842 1346
155 1611
672 1798
119 711
185 1700
130 1211
864 1074
159 984
883 1989
500 833
29 1846
991 1981
941 1027
455 1798
596 1087
125 1731
678 977
120 1277
17 1803
259 871
840 1274
479 685
666 1478
214 712
829 1311
96 1811
255 1156
295 1486
671 844
703 1108
597 1598
445 806
688 874
421 1684
796 1207
714 1610
708 1638
480 562
610 1330
248 1685
cTfGEbfNna 55
147 1839
573 1165
842 1023
52 1316
407 1764
427 430
872 975
494 1234
604 1061
261 1879
70 1564
502 1536
21 1575
382 1185
336 1126
835 1195
981 1133
860 1906
968 1753
74 889
84 1845
203 1653
51 1303
139 1581
823 1591
671 1157
175 1112
933 1859
570 1585
792 1262
496 1487
53 1298
777 1149
3 1687
811 1285
910 1627
844 1029
989 1594
478 1432
822 1074
442 949
223 475
566 971
23 572
477 976
92 888
339 1580
440 823
150 744
567 1006
604 1380
412 1759
617 740
631 1640
715 1268
Lrqp 91
775 1577
462 820
372 1054
672 1717
473 1371
102 1074
355 918
727 1509
263 770
921 1627
323 1683
109 253
441 854
896 1121
189 533
878 1936
391 1035
888 1755
700 1915
860 1611
956 1650
73 700
11 1232
375 1481
363 1807
332 1806
714 1117
909 1718
411 412
99 1360
438 1018
60 541
807 1953
225 1855
125 1521
137 1524
756 1024
225 1235
226 1755
250 1502
334 1819
228 1126
414 1629
911 1663
379 793
592 1180
557 1504
410 1274
49 657
388 1093
137 530
303 490
304 306
296 410
249 562
374 740
201 997
887 1415
589 1922
746 1023
80 1792
513 1698
18 973
417 1279
445 1558
830 1317
262 1315
214 1293
957 1613
4 733
122 1989
154 1903
101 395
177 1623
42 78
289 1127
429 817
109 1155
553 956
540 1432
841 870
938 1493
593 1451
345 1586
283 1530
881 1315
629 1909
936 1377
182 762
109 1932
897 1598
