4 203
YeEGAzRGfn 29
219 1647
490 877
236 1665
632 1806
827 1731
189 713
964 1067
374 679
977 1712
871 1734
885 1243
147 779
390 1161
840 1264
710 976
675 1196
707 1035
359 1255
479 1449
920 1812
108 1820
606 1376
122 1790
408 1617
752 1601
770 930
331 1985
978 1206
648 882
SPt 60
17 1182
327 431
467 1432
962 1572
664 1742
389 850
171 1542
969 1120
436 1052
575 1363
120 770
909 1370
888 1845
195 1049
784 1894
767 1460
206 1864
933 970
447 544
111 658
522 1271
282 455
918 1769
138 258
21 1514
387 1855
748 887
779 1965
591 701
217 1789
355 543
169 1752
245 1914
997 1105
345 686
884 1741
661 1421
907 1335
741 1326
606 814
278 1147
507 1127
646 957
108 862
48 74
842 1292
572 913
588 1166
350 1879
524 715
814 1004
778 1686
810 1806
128 335
552 1900
632 1687
14 403
750 1644
580 650
13 604
Xl 73
781 942
453 1926
575 1787
241 767
389 1853
282 1003
858 1974
164 1541
65 1707
190 482
633 903
281 1292
847 891
821 1750
754 1243
944 1472
960 1620
720 1410
915 1746
267 1224
884 1770
25 731
461 1531
523 1445
443 1545
346 681
410 1705
384 1183
314 1055
492 663
897 1593
210 441
876 911
468 1845
150 296
503 1205
400 1670
559 1603
15 326
801 894
855 1814
43 1586
736 1937
419 1084
752 1063
638 719
870 1564
899 1540
929 1282
44 1812
122 1115
635 1303
902 1653
413 898
538 1040
262 1138
362 1809
569 630
223 1635
532 1558
954 1339
860 1298
826 914
203 1649
733 1065
198 248
634 1326
825 1823
940 1361
934 1928
787 1515
311 994
917 1361
VqwzuJm 27
635 1467
73 1453
870 1915
805 1171
219 633
993 1457
137 827
899 1699
179 846
456 1908
447 1840
50 962
789 1306
893 1216
639 1547
963 996
704 1834
195 598
974 1437
522 1879
351 970
891 1790
469 1912
950 1003
510 1473
793 1162
397 893
