1 894
QNkRMQyoSQtL 84
226 572
525 1071
234 1052
111 873
535 700
572 942
796 1394
5 866
150 1963
776 800
655 1254
912 1371
726 1881
492 1816
908 1932
964 984
27 1103
523 957
523 1891
703 1692
283 1040
558 1269
783 1602
96 515
815 1717
448 1118
157 820
358 824
460 1390
716 923
925 1988
744 747
169 881
184 1388
370 1374
435 841
799 1155
773 1931
662 938
582 1980
675 872
286 1785
993 1975
962 1257
461 1075
682 1884
362 1954
294 1159
39 620
887 1453
587 1064
557 784
297 1420
821 1967
47 1427
572 1359
515 1330
834 1676
131 411
844 1426
531 1844
701 1108
818 1033
679 1243
432 438
355 1001
627 751
618 1215
54 746
850 1526
47 1130
30 460
729 1264
610 624
643 1710
456 1189
938 1024
377 627
445 474
944 1083
184 1566
805 1019
171 240
446 1913
