5 640
jEQYwA 55
414 1640
14 91
647 1505
258 1604
198 1120
906 1733
882 1987
297 1083
22 1928
377 382
757 1970
569 1334
560 614
369 816
729 1798
181 921
681 1257
135 764
544 1413
750 1753
907 1878
689 897
918 1999
861 1521
254 1314
939 1347
290 765
644 1376
793 1099
183 720
600 727
433 1556
849 968
201 488
683 810
8 190
49 135
804 1194
34 402
426 969
512 1686
714 822
307 579
205 1706
278 905
360 1559
883 1603
524 1930
247 1980
608 1816
434 968
624 1240
158 812
225 891
118 316
ECea 35
413 756
314 710
183 252
920 1101
352 816
205 1426
120 1509
749 1757
712 821
409 1507
829 1977
929 1910
427 1373
276 1621
220 1008
250 1727
915 952
674 1225
676 1290
38 1639
866 912
455 792
680 1050
865 1831
141 1230
835 1210
468 1088
340 557
514 1420
721 1198
281 1536
27 1715
999 1287
784 1115
583 1269
eSwa 73
507 1424
32 655
168 940
417 1900
769 1454
516 884
491 1147
446 1804
163 720
673 1932
541 875
772 1251
469 833
853 1259
443 1903
117 872
353 1478
640 857
163 701
973 1552
840 1583
35 174
868 1479
849 1855
119 1049
775 1605
638 1460
233 1150
51 1784
627 1352
59 1686
423 1887
221 436
476 1264
379 1540
189 1711
269 302
618 1431
61 1553
102 107
28 762
970 1495
768 1048
746 1331
467 1047
753 1782
385 1744
609 1861
473 1707
522 1847
458 1235
979 1692
937 1340
866 904
219 895
737 900
121 1495
542 1253
912 1819
456 486
330 1766
952 1402
286 511
267 1393
923 1941
52 671
689 1707
366 1423
216 987
115 1071
296 1046
269 1663
843 971
LIiHIMHL 80
556 1911
468 557
559 1610
44 327
753 811
107 1072
435 1238
76 1104
324 1918
931 1155
964 1483
774 1168
615 1135
461 616
202 1666
414 760
987 1069
324 857
27 1406
471 665
301 516
275 1179
10 1059
345 493
257 918
717 1675
771 1403
710 1548
715 1339
144 1718
810 1386
745 1165
953 1873
446 1614
263 1226
117 664
832 834
977 1554
798 1932
433 1835
470 1389
331 671
997 1788
425 850
308 1503
856 1277
515 1689
648 1886
535 1176
791 1283
583 1418
758 1614
170 551
126 312
591 1037
472 1214
497 1976
580 1953
667 1148
213 1002
186 1991
871 985
262 1921
219 1602
22 115
979 1144
603 1363
146 599
360 424
504 966
621 1948
340 436
339 1259
193 558
156 182
77 1738
619 784
422 578
709 1553
102 472
svbRVYSp 14
650 1328
275 729
275 419
167 601
311 1371
668 1832
283 1150
674 988
199 1662
427 522
722 1085
145 998
635 1153
466 1832
